3 0.9309296264118159 0.16717557251908396 0.035621198957428324 0.08396946564885496
3 0.894874022589053 0.15572519083969466 0.04170286707211121 0.08244274809160305
3 0.8840139009556907 0.23740458015267177 0.04083405734144222 0.0900763358778626
3 0.8479582971329279 0.21603053435114503 0.038227628149435276 0.07786259541984733
3 0.8088618592528236 0.20687022900763358 0.04170286707211121 0.08091603053435115
3 0.8748913987836664 0.3251908396946565 0.03996524761077324 0.08854961832061069
3 0.8362293657688966 0.29847328244274807 0.046046915725456126 0.08091603053435115
3 0.7975673327541268 0.29465648854961835 0.045178105994787145 0.07633587786259542
3 0.7571676802780192 0.28549618320610687 0.046046915725456126 0.07633587786259542
3 0.8284100781928758 0.38702290076335877 0.046046915725456126 0.08396946564885496
3 0.7849695916594266 0.3900763358778626 0.04778453518679409 0.08396946564885496
3 0.7423979148566464 0.3916030534351145 0.04778453518679409 0.08396946564885496
3 0.6850564726324935 0.33969465648854963 0.05647263249348393 0.0900763358778626
3 0.7901824500434405 0.5541984732824428 0.052997393570807995 0.10381679389312977
3 0.6985230234578628 0.5618320610687023 0.05386620330147698 0.10381679389312977
3 0.5673327541268463 0.6061068702290077 0.04170286707211121 0.07022900763358779
3 0.3635968722849696 0.39083969465648855 0.046046915725456126 0.08244274809160305
3 0.3218940052128584 0.3702290076335878 0.04952215464813206 0.08396946564885496
3 0.27975673327541273 0.3793893129770992 0.045178105994787145 0.08091603053435115
3 0.2419635099913119 0.3946564885496183 0.04952215464813206 0.08702290076335878
3 0.343614248479583 0.4862595419847328 0.04083405734144222 0.08091603053435115
3 0.3062554300608167 0.48091603053435117 0.044309296264118156 0.08244274809160305
3 0.26629018245004343 0.47480916030534354 0.04257167680278019 0.09465648854961832
3 0.13770634231103385 0.6106870229007634 0.044309296264118156 0.0732824427480916
