8 0.923154701718908 0.2563492063492063 0.05055611729019211 0.24285714285714285
8 0.8377148634984833 0.23809523809523808 0.06774519716885744 0.2253968253968254
8 0.686046511627907 0.21984126984126984 0.1506572295247725 0.21746031746031746
8 0.5626895854398382 0.16904761904761906 0.1890798786653185 0.23333333333333334
8 0.7937310414560161 0.6103174603174604 0.268958543983822 0.1
8 0.8751263902932255 0.7976190476190477 0.06167846309403438 0.14444444444444443
8 0.7805864509605662 0.8095238095238095 0.06875631951466127 0.19047619047619047
8 0.6850353892821031 0.8206349206349206 0.0717896865520728 0.23492063492063492
8 0.6086956521739131 0.5404761904761904 0.06066734074823053 0.20793650793650795
8 0.4979777553083923 0.3468253968253968 0.06774519716885744 0.1253968253968254
8 0.40748230535894847 0.3388888888888889 0.07280080889787664 0.15714285714285714
8 0.3200202224469161 0.3595238095238095 0.06774519716885744 0.2015873015873016
8 0.2446916076845298 0.3873015873015873 0.056622851365015166 0.21904761904761905
8 0.17189079878665314 0.4103174603174603 0.05864509605662285 0.22063492063492063
8 0.09504550050556115 0.4738095238095238 0.08695652173913043 0.21428571428571427
8 0.10161779575328611 0.6531746031746032 0.11425682507583418 0.08095238095238096
8 0.0995955510616785 0.7801587301587302 0.1243680485338726 0.09047619047619047
8 0.12386248736097072 0.8809523809523809 0.1789686552072801 0.11428571428571428
