1 0.5795847750865052 0.16218236173393125 0.0328719723183391 0.05530642750373692
1 0.5294117647058824 0.16218236173393125 0.0328719723183391 0.05530642750373692
1 0.4917820069204152 0.16218236173393125 0.03373702422145329 0.05530642750373692
1 0.4420415224913494 0.16218236173393125 0.0328719723183391 0.05530642750373692
1 0.39273356401384085 0.16292974588938713 0.0328719723183391 0.053811659192825115
1 0.35380622837370246 0.16143497757847533 0.03460207612456748 0.05680119581464873
1 0.6513840830449826 0.21973094170403587 0.03460207612456748 0.05680119581464873
1 0.5994809688581315 0.21973094170403587 0.03460207612456748 0.05680119581464873
1 0.560121107266436 0.21973094170403587 0.03200692041522491 0.05680119581464873
1 0.5108131487889274 0.21973094170403587 0.03200692041522491 0.05680119581464873
1 0.46064013840830453 0.22122571001494767 0.03200692041522491 0.053811659192825115
1 0.4238754325259516 0.21973094170403587 0.0328719723183391 0.053811659192825115
1 0.3728373702422145 0.22047832585949179 0.0328719723183391 0.052316890881913304
1 0.6803633217993079 0.26382660687593423 0.03546712802768166 0.05829596412556054
1 0.6803633217993079 0.3333333333333333 0.03546712802768166 0.059790732436472344
9 0.5086505190311419 0.6935724962630793 0.0986159169550173 0.029895366218236172
9 0.18685121107266434 0.7645739910313901 0.06055363321799308 0.10014947683109118
