6 0.1124260355029586 0.8190406976744186 0.04930966469428008 0.059593023255813955
6 0.5690335305719921 0.4251453488372093 0.04930966469428008 0.050872093023255814
6 0.6129191321499015 0.3851744186046512 0.048323471400394474 0.055232558139534885
6 0.7061143984220908 0.30450581395348836 0.04930966469428008 0.05377906976744186
6 0.8145956607495068 0.17078488372093023 0.05325443786982249 0.04796511627906977
6 0.6888560157790927 0.5087209302325582 0.03648915187376726 0.06686046511627906
6 0.7628205128205128 0.4440406976744186 0.05226824457593689 0.05377906976744186
6 0.8141025641025641 0.40261627906976744 0.046351084812623275 0.04941860465116279
6 0.7514792899408285 0.26744186046511625 0.047337278106508875 0.06976744186046512
6 0.5078895463510849 0.4796511627906977 0.04339250493096647 0.05813953488372093
6 0.45019723865877714 0.5268895348837209 0.04240631163708087 0.0625
6 0.8328402366863905 0.438953488372093 0.04043392504930966 0.05813953488372093
6 0.7776134122287969 0.4811046511627907 0.048323471400394474 0.06686046511627906
