5 0.7333019755409219 0.4874581939799331 0.2756349952963311 0.4397993311036789
3 0.43508936970837253 0.6789297658862876 0.04609595484477893 0.07357859531772576
3 0.40874882408278457 0.7115384615384616 0.04421448730009407 0.08193979933110368
3 0.3838193791157103 0.7424749163879598 0.041392285983066796 0.10033444816053512
3 0.35418626528692376 0.7792642140468228 0.04609595484477893 0.10033444816053512
3 0.32549388523047973 0.8118729096989966 0.043273753527751646 0.09866220735785954
3 0.30150517403574784 0.8403010033444817 0.04045155221072436 0.09531772575250837
3 0.38758231420507994 0.5785953177257525 0.03951081843838194 0.08361204013377926
3 0.36312323612417685 0.6036789297658863 0.03386641580432737 0.08695652173913043
3 0.3372530573847601 0.6354515050167224 0.04233301975540922 0.09698996655518395
3 0.3109125117591721 0.6647157190635451 0.04421448730009407 0.09866220735785954
3 0.2817497648165569 0.6998327759197325 0.04233301975540922 0.09197324414715718
3 0.2563499529633114 0.7290969899665551 0.03857008466603951 0.0903010033444816
2 0.15475070555032922 0.5635451505016722 0.16839134524929444 0.18394648829431437
