0 0.5 0.18312387791741472 0.06281156530408774 0.118491921005386
0 0.4177467597208375 0.2459605026929982 0.06580259222333001 0.12208258527827648
0 0.3409770687936191 0.34560143626570916 0.06779661016949153 0.1310592459605027
0 0.26321036889332006 0.440754039497307 0.06979062811565304 0.14183123877917414
0 0.16999002991026924 0.4991023339317774 0.07676969092721835 0.13644524236983843
0 0.7706879361914257 0.5888689407540395 0.07577268195413758 0.0933572710951526
0 0.8315054835493519 0.7378815080789947 0.08574277168494517 0.118491921005386
0 0.9007976071784646 0.8806104129263914 0.08275174476570289 0.12387791741472172
9 0.4980059820538385 0.748653500897666 0.028913260219341975 0.05026929982046679
9 0.4985044865403788 0.8096947935368043 0.02991026919242273 0.05026929982046679
