1 0.8141382049245433 0.12012195121951219 0.05242255758538523 0.07682926829268293
1 0.8141382049245433 0.20548780487804877 0.05242255758538523 0.08170731707317073
1 0.8141382049245433 0.33170731707317075 0.05242255758538523 0.07560975609756097
1 0.8141382049245433 0.4189024390243902 0.05242255758538523 0.08414634146341464
1 0.7664813343923749 0.11585365853658537 0.050833995234312944 0.08048780487804878
1 0.7664813343923749 0.20548780487804877 0.050833995234312944 0.07926829268292683
1 0.7664813343923749 0.33170731707317075 0.050833995234312944 0.07560975609756097
1 0.7664813343923749 0.4189024390243902 0.050833995234312944 0.08414634146341464
1 0.8129467831612391 0.5914634146341463 0.04686258935663225 0.08292682926829269
1 0.8129467831612391 0.697560975609756 0.04686258935663225 0.08536585365853659
1 0.8129467831612391 0.8268292682926829 0.04686258935663225 0.08048780487804878
1 0.8129467831612391 0.9170731707317074 0.04686258935663225 0.07073170731707316
1 0.7625099285146942 0.5914634146341463 0.050833995234312944 0.08292682926829269
1 0.7625099285146942 0.697560975609756 0.050833995234312944 0.08536585365853659
1 0.7625099285146942 0.8268292682926829 0.050833995234312944 0.08048780487804878
1 0.7625099285146942 0.9170731707317074 0.050833995234312944 0.07073170731707316
1 0.7112787926926132 0.5914634146341463 0.051628276409849086 0.08292682926829269
1 0.7112787926926132 0.697560975609756 0.051628276409849086 0.08536585365853659
1 0.7112787926926132 0.8268292682926829 0.051628276409849086 0.08048780487804878
1 0.7112787926926132 0.9170731707317074 0.051628276409849086 0.07073170731707316
1 0.6600476568705322 0.5914634146341463 0.050833995234312944 0.08292682926829269
1 0.6600476568705322 0.697560975609756 0.050833995234312944 0.08536585365853659
1 0.6600476568705322 0.8268292682926829 0.050833995234312944 0.08048780487804878
1 0.6600476568705322 0.9170731707317074 0.050833995234312944 0.07073170731707316
1 0.5504368546465449 0.2 0.054011119936457505 0.07560975609756097
1 0.5504368546465449 0.28780487804878047 0.054011119936457505 0.07560975609756097
1 0.44400317712470216 0.11646341463414635 0.050833995234312944 0.07682926829268293
1 0.44400317712470216 0.2048780487804878 0.050833995234312944 0.07317073170731707
1 0.44400317712470216 0.27195121951219514 0.050833995234312944 0.07560975609756097
1 0.44400317712470216 0.3445121951219512 0.050833995234312944 0.07926829268292683
1 0.44400317712470216 0.4140243902439024 0.050833995234312944 0.07195121951219512
1 0.3927720413026211 0.11646341463414635 0.056393963463065924 0.07682926829268293
1 0.3927720413026211 0.2048780487804878 0.056393963463065924 0.07317073170731707
1 0.3927720413026211 0.27195121951219514 0.056393963463065924 0.07560975609756097
1 0.3927720413026211 0.3445121951219512 0.056393963463065924 0.07926829268292683
1 0.3927720413026211 0.4140243902439024 0.056393963463065924 0.07195121951219512
1 0.5504368546465449 0.5896341463414634 0.050833995234312944 0.07439024390243902
1 0.5504368546465449 0.6957317073170731 0.050833995234312944 0.07926829268292683
1 0.5504368546465449 0.8274390243902439 0.050833995234312944 0.08170731707317073
1 0.49920571882446385 0.5896341463414634 0.048451151707704525 0.07439024390243902
1 0.49920571882446385 0.6957317073170731 0.048451151707704525 0.07926829268292683
1 0.49920571882446385 0.8274390243902439 0.048451151707704525 0.08170731707317073
1 0.44718030182684665 0.5896341463414634 0.050833995234312944 0.07439024390243902
1 0.44718030182684665 0.6957317073170731 0.050833995234312944 0.07926829268292683
1 0.44718030182684665 0.8274390243902439 0.050833995234312944 0.08170731707317073
1 0.3947577442414615 0.5896341463414634 0.050833995234312944 0.07439024390243902
1 0.3947577442414615 0.6957317073170731 0.050833995234312944 0.07926829268292683
1 0.3947577442414615 0.8274390243902439 0.050833995234312944 0.08170731707317073
1 0.11517077045274027 0.2701219512195122 0.04765687053216839 0.07926829268292683
1 0.06513105639396344 0.2701219512195122 0.04924543288324067 0.07926829268292683
1 0.13343923749007147 0.5926829268292683 0.04924543288324067 0.07804878048780488
1 0.07863383637807786 0.5926829268292683 0.04924543288324067 0.07804878048780488
1 0.13582208101667992 0.6908536585365853 0.04765687053216839 0.07439024390243902
1 0.07863383637807786 0.6908536585365853 0.04924543288324067 0.07439024390243902
1 0.1405877680698967 0.8182926829268292 0.050833995234312944 0.07804878048780488
1 0.07704527402700556 0.8182926829268292 0.054011119936457505 0.07804878048780488
