1 0.7235234215885947 0.3074018126888218 0.06008146639511202 0.0891238670694864
1 0.6639511201629328 0.3240181268882175 0.059063136456211814 0.09214501510574018
1 0.6064154786150713 0.3323262839879154 0.04989816700610998 0.07854984894259819
1 0.7169042769857434 0.3919939577039275 0.05091649694501019 0.0770392749244713
1 0.6629327902240325 0.4108761329305136 0.05091649694501019 0.0755287009063444
1 0.609979633401222 0.4093655589123867 0.05091649694501019 0.0755287009063444
1 0.5341140529531568 0.46827794561933533 0.04378818737270876 0.06646525679758308
1 0.5789205702647657 0.5 0.04175152749490835 0.06646525679758308
1 0.539714867617108 0.5347432024169184 0.04073319755600815 0.06646525679758308
1 0.2759674134419552 0.4773413897280967 0.05295315682281059 0.08157099697885196
1 0.21995926680244404 0.46827794561933533 0.05295315682281059 0.07250755287009064
1 0.16242362525458254 0.46827794561933533 0.0560081466395112 0.08157099697885196
1 0.20773930753564152 0.5453172205438066 0.05091649694501019 0.07250755287009064
1 0.27647657841140527 0.5740181268882175 0.051934826883910386 0.0755287009063444
