3 0.8633603238866396 0.6601073345259392 0.06680161943319839 0.19320214669051877
3 0.7925101214574899 0.6431127012522362 0.06680161943319839 0.20930232558139536
3 0.7009109311740891 0.6404293381037567 0.06578947368421052 0.18962432915921287
3 0.6280364372469636 0.6288014311270125 0.06578947368421052 0.18425760286225404
3 0.5374493927125505 0.6171735241502684 0.06477732793522267 0.18246869409660108
3 0.4676113360323887 0.610912343470483 0.06477732793522267 0.1806797853309481
3 0.36234817813765186 0.5948121645796064 0.0708502024291498 0.1806797853309481
3 0.29504048582995956 0.5840787119856887 0.07388663967611336 0.1806797853309481
3 0.2257085020242915 0.5769230769230769 0.07489878542510121 0.1735241502683363
3 0.15991902834008098 0.5679785330948122 0.07692307692307693 0.1771019677996422
