9 0.9258037922506183 0.24508050089445438 0.051112943116240726 0.07871198568872988
9 0.8788128606760099 0.6869409660107334 0.04451772464962902 0.07871198568872988
9 0.4348722176422094 0.6771019677996423 0.03215169002473207 0.06976744186046512
9 0.2947238252267106 0.11806797853309481 0.05028854080791426 0.07871198568872988
9 0.3017312448474856 0.518783542039356 0.05276174773289365 0.1037567084078712
9 0.3293487221764221 0.8381037567084079 0.03215169002473207 0.06976744186046512
9 0.21393239901071726 0.7710196779964222 0.03709810387469085 0.07871198568872988
9 0.09892827699917561 0.43559928443649376 0.05605935696619951 0.11270125223613596
9 0.10140148392415493 0.6833631484794276 0.04781533388293487 0.08944543828264759
9 0.051525144270404 0.9311270125223614 0.03215169002473207 0.06976744186046512
9 0.06100577081615832 0.0706618962432916 0.036273701566364384 0.07692307692307693
9 0.4410552349546579 0.9597495527728086 0.04451772464962902 0.06976744186046512
