3 0.7940613026819924 0.8311475409836065 0.06896551724137931 0.08852459016393442
3 0.7667624521072797 0.7778688524590164 0.06609195402298851 0.09016393442622951
3 0.7289272030651341 0.9229508196721311 0.07088122605363985 0.10163934426229508
3 0.6987547892720307 0.8655737704918033 0.06800766283524905 0.09836065573770492
3 0.6556513409961686 0.07622950819672131 0.05268199233716475 0.060655737704918035
3 0.6331417624521073 0.047540983606557376 0.05363984674329502 0.05573770491803279
4 0.6187739463601533 0.7836065573770492 0.08045977011494253 0.10819672131147541
4 0.5909961685823755 0.7262295081967213 0.07854406130268199 0.11147540983606558
4 0.5627394636015326 0.6721311475409836 0.07758620689655173 0.10819672131147541
2 0.4645593869731801 0.14754098360655737 0.08812260536398467 0.10819672131147541
