8 0.943649373881932 0.40754039497307004 0.08228980322003578 0.236983842010772
8 0.84391771019678 0.4380610412926391 0.07960644007155634 0.2585278276481149
8 0.7526833631484794 0.4156193895870736 0.049194991055456175 0.296229802513465
8 0.6847048300536673 0.4066427289048474 0.04203935599284436 0.3105924596050269
8 0.6153846153846154 0.40843806104129265 0.04293381037567084 0.296229802513465
8 0.5491949910554561 0.37163375224416517 0.05008944543828265 0.236983842010772
8 0.4771914132379249 0.39138240574506283 0.05813953488372093 0.2836624775583483
8 0.4051878354203936 0.3761220825852783 0.06440071556350627 0.2746858168761221
8 0.3130590339892666 0.4263913824057451 0.08228980322003578 0.2459605026929982
8 0.23658318425760283 0.4982046678635548 0.11359570661896243 0.2244165170556553
8 0.1721824686940966 0.5915619389587073 0.12075134168157424 0.13824057450628366
8 0.1440071556350626 0.7378815080789947 0.11806797853309481 0.08976660682226212
8 0.1350626118067979 0.8806104129263914 0.09660107334525939 0.07719928186714542
