3 0.05206185567010313 0.7612403100775194 0.050515463917525774 0.11782945736434108
3 0.1541237113402062 0.568217054263566 0.042268041237113405 0.10077519379844961
3 0.05154639175257736 0.5806201550387597 0.04742268041237113 0.10387596899224806
3 0.195360824742268 0.4069767441860465 0.03814432989690722 0.08837209302325581
3 0.11443298969072169 0.4131782945736434 0.041237113402061855 0.09147286821705426
3 0.277319587628866 0.26046511627906976 0.03917525773195876 0.09302325581395349
3 0.23659793814432994 0.26744186046511625 0.03814432989690722 0.08527131782945736
3 0.19690721649484533 0.2689922480620155 0.03711340206185567 0.08527131782945736
3 0.14432989690721654 0.2751937984496124 0.041237113402061855 0.08527131782945736
3 0.10463917525773192 0.27674418604651163 0.042268041237113405 0.08837209302325581
