9 0.9073543457497613 0.14106844741235391 0.04393505253104107 0.06176961602671119
9 0.8452722063037249 0.5075125208681135 0.045845272206303724 0.18030050083472454
9 0.7488061127029608 0.23121869782971619 0.034383954154727794 0.07846410684474124
9 0.6155682903533906 0.07762938230383973 0.03724928366762178 0.07846410684474124
9 0.5936007640878701 0.24791318864774625 0.03151862464183381 0.05509181969949917
9 0.35577841451766956 0.08848080133555926 0.02387774594078319 0.07345575959933222
9 0.4326647564469914 0.3797996661101836 0.04011461318051576 0.12186978297161936
9 0.3629417382999045 0.27796327212020033 0.03247373447946514 0.10517529215358931
9 0.330945558739255 0.7629382303839732 0.08882521489971347 0.11352253756260434
9 0.23447946513849094 0.0651085141903172 0.021967526265520534 0.07011686143572621
9 0.1580706781279847 0.337228714524207 0.03151862464183381 0.11018363939899833
9 0.2000955109837631 0.7562604340567612 0.054441260744985676 0.17362270450751252
9 0.6026743075453678 0.9048414023372288 0.04393505253104107 0.15358931552587646
