6 0.525749063670412 0.8931623931623932 0.03089887640449438 0.05413105413105413
6 0.5117041198501873 0.8568376068376068 0.03838951310861423 0.06695156695156695
6 0.48361423220973787 0.8005698005698005 0.047752808988764044 0.07407407407407407
6 0.46582397003745324 0.7742165242165242 0.03838951310861423 0.06125356125356125
6 0.22097378277153557 0.47863247863247865 0.03932584269662921 0.07122507122507123
6 0.449438202247191 0.5035612535612536 0.03745318352059925 0.06125356125356125
6 0.5248127340823969 0.3789173789173789 0.04588014981273408 0.05698005698005698
6 0.5070224719101124 0.344017094017094 0.042134831460674156 0.05555555555555555
6 0.29681647940074907 0.2777777777777778 0.04119850187265917 0.05413105413105413
6 0.24672284644194753 0.2207977207977208 0.040262172284644196 0.04843304843304843
6 0.19335205992509363 0.15954415954415954 0.05149812734082397 0.06267806267806268
6 0.6685393258426966 0.6609686609686609 0.03932584269662921 0.05698005698005698
6 0.5440074906367041 0.41951566951566954 0.03745318352059925 0.04700854700854701
