0 0.9214487300094073 0.502542372881356 0.07431796801505174 0.1271186440677966
0 0.6881467544684854 0.6042372881355932 0.07431796801505174 0.14745762711864407
0 0.6222953904045155 0.48135593220338985 0.07808090310442145 0.13220338983050847
0 0.5531514581373471 0.3525423728813559 0.07149576669802446 0.12542372881355932
0 0.48635936030103477 0.2271186440677966 0.07337723424270931 0.1288135593220339
0 0.41721542803386646 0.11864406779661017 0.0761994355597366 0.13220338983050847
0 0.27046095954844784 0.17372881355932204 0.06679209783631232 0.1271186440677966
0 0.3433678269049859 0.5347457627118644 0.07149576669802446 0.13728813559322034
0 0.09313264346190031 0.3516949152542373 0.08090310442144873 0.16440677966101694
0 0.15945437441204136 0.652542372881356 0.09501411100658513 0.17966101694915254
