8 0.5903193612774451 0.11056105610561057 0.17465069860279442 0.15181518151815182
8 0.5843313373253494 0.18151815181518152 0.17065868263473055 0.1254125412541254
8 0.41017964071856283 0.10808580858085809 0.1317365269461078 0.12706270627062707
8 0.5503992015968064 0.29372937293729373 0.18862275449101795 0.15841584158415842
8 0.13822355289421162 0.09653465346534654 0.156686626746507 0.11056105610561057
8 0.14271457085828343 0.23844884488448845 0.17564870259481039 0.12376237623762376
8 0.16117764471057883 0.38778877887788776 0.17465069860279442 0.12871287128712872
8 0.17564870259481036 0.5354785478547854 0.11776447105788423 0.11716171617161716
9 0.39820359281437123 0.3712871287128713 0.04590818363273453 0.1485148514851485
3 0.8902195608782435 0.6938943894389439 0.04590818363273453 0.08745874587458746
3 0.8547904191616766 0.6765676567656765 0.04491017964071856 0.07920792079207921
3 0.8782435129740519 0.8118811881188119 0.0499001996007984 0.09570957095709572
3 0.844311377245509 0.7904290429042904 0.04590818363273453 0.09900990099009901
3 0.8038922155688623 0.7706270627062707 0.04491017964071856 0.09570957095709572
3 0.7709580838323353 0.7541254125412541 0.04491017964071856 0.0924092409240924
