9 0.9327165685449958 0.8667262969588551 0.03532380151387721 0.11627906976744186
9 0.772497897392767 0.4749552772808587 0.021026072329688814 0.07692307692307693
9 0.7434819175777965 0.7513416815742398 0.023549201009251473 0.08944543828264759
9 0.5483599663582843 0.32558139534883723 0.02691337258200168 0.09302325581395349
9 0.5773759461732548 0.774597495527728 0.022708158116063918 0.09660107334525939
9 0.4289318755256518 0.15384615384615385 0.050462573591253154 0.06797853309481217
9 0.41841883936080737 0.3631484794275492 0.031118587047939444 0.06797853309481217
9 0.20395290159798152 0.2504472271914132 0.05803195962994113 0.057245080500894455
9 0.08158116063919263 0.2504472271914132 0.05214465937762826 0.046511627906976744
9 0.3191757779646762 0.5536672629695886 0.04289318755256518 0.11985688729874776
9 0.0971404541631623 0.537567084078712 0.0782169890664424 0.08765652951699464
9 0.09966358284272503 0.832737030411449 0.04625735912531539 0.07334525939177101
