9 0.6527068437180796 0.18387096774193548 0.0449438202247191 0.06580645161290323
1 0.24106230847803878 0.5361290322580645 0.04290091930541369 0.05290322580645161
1 0.2951991828396323 0.5483870967741935 0.05311542390194075 0.06193548387096774
1 0.3447395301327886 0.5670967741935484 0.054136874361593465 0.06580645161290323
1 0.3937691521961185 0.587741935483871 0.05005107252298264 0.06064516129032258
1 0.44279877425944847 0.607741935483871 0.04800817160367722 0.06193548387096774
1 0.4887640449438202 0.6264516129032258 0.05005107252298264 0.06064516129032258
1 0.5362614913176711 0.6335483870967742 0.028600612870275793 0.03354838709677419
1 0.5607763023493361 0.6425806451612903 0.028600612870275793 0.03354838709677419
1 0.5863125638406537 0.6535483870967742 0.026557711950970377 0.03225806451612903
1 0.5306435137895812 0.667741935483871 0.031664964249233915 0.03483870967741935
1 0.559244126659857 0.6774193548387096 0.031664964249233915 0.03870967741935484
1 0.5873340143003065 0.6903225806451613 0.026557711950970377 0.03612903225806452
1 0.21705822267620023 0.604516129032258 0.05209397344228805 0.06322580645161291
1 0.26813074565883555 0.6225806451612903 0.05209397344228805 0.06064516129032258
1 0.3176710929519918 0.6464516129032258 0.05311542390194075 0.0567741935483871
1 0.36925434116445355 0.6651612903225806 0.05005107252298264 0.05806451612903226
1 0.4433094994892748 0.68 0.03268641470888662 0.03612903225806452
1 0.4713993871297242 0.6916129032258065 0.0296220633299285 0.03612903225806452
1 0.5010214504596526 0.7025806451612904 0.031664964249233915 0.03741935483870968
1 0.5296220633299284 0.7161290322580646 0.0296220633299285 0.03354838709677419
1 0.43156281920326867 0.7174193548387097 0.0296220633299285 0.03870967741935484
1 0.46475995914198165 0.7290322580645161 0.030643513789581207 0.03870967741935484
1 0.49284984678243104 0.74 0.0296220633299285 0.03741935483870968
1 0.5219611848825332 0.7529032258064516 0.030643513789581207 0.03741935483870968
1 0.16700715015321754 0.6529032258064517 0.0296220633299285 0.04129032258064516
1 0.1542390194075587 0.687741935483871 0.030643513789581207 0.04129032258064516
1 0.19458631256384062 0.6619354838709678 0.031664964249233915 0.03870967741935484
1 0.18181818181818177 0.6987096774193549 0.03268641470888662 0.04
1 0.22318692543411645 0.6748387096774193 0.0296220633299285 0.03870967741935484
1 0.20990806945863127 0.7096774193548387 0.0296220633299285 0.03870967741935484
1 0.24923391215526047 0.6864516129032258 0.030643513789581207 0.03870967741935484
1 0.23697650663942804 0.7225806451612903 0.028600612870275793 0.03870967741935484
1 0.2895812053115424 0.7032258064516129 0.031664964249233915 0.04129032258064516
1 0.31664964249233907 0.7180645161290322 0.028600612870275793 0.04258064516129032
1 0.3452502553626149 0.7296774193548388 0.030643513789581207 0.03741935483870968
1 0.3345250255362615 0.7664516129032258 0.0296220633299285 0.04129032258064516
1 0.3738508682328907 0.7374193548387097 0.03268641470888662 0.04
1 0.36312563840653733 0.7780645161290323 0.031664964249233915 0.03870967741935484
1 0.40296220633299284 0.7516129032258064 0.031664964249233915 0.03741935483870968
1 0.39172625127681304 0.7890322580645162 0.0296220633299285 0.04
1 0.44228804902962204 0.7716129032258064 0.030643513789581207 0.03612903225806452
1 0.4325842696629213 0.8083870967741935 0.0296220633299285 0.04
1 0.47037793667007155 0.7838709677419354 0.031664964249233915 0.03483870967741935
1 0.4611848825331971 0.8212903225806452 0.031664964249233915 0.04258064516129032
1 0.5005107252298264 0.7980645161290323 0.030643513789581207 0.03741935483870968
1 0.491317671092952 0.8367741935483871 0.028600612870275793 0.03741935483870968
1 0.5316649642492339 0.8096774193548387 0.0296220633299285 0.04
1 0.5209397344228806 0.8496774193548388 0.028600612870275793 0.04258064516129032
