1 0.2834476843910806 0.3418491484184915 0.054030874785591765 0.0827250608272506
1 0.3113207547169812 0.4324817518248175 0.058319039451114926 0.08394160583941605
1 0.33662092624356776 0.5279805352798054 0.057461406518010294 0.0851581508515815
1 0.217409948542024 0.3813868613138686 0.05574614065180103 0.08394160583941605
1 0.24228130360205835 0.4720194647201946 0.054030874785591765 0.0827250608272506
1 0.27229845626072036 0.568734793187348 0.05917667238421955 0.08150851581508516
1 0.152229845626072 0.41849148418491483 0.057461406518010294 0.09002433090024331
1 0.1783876500857633 0.51338199513382 0.051457975986277875 0.0827250608272506
1 0.20497427101200683 0.6052311435523114 0.060034305317324184 0.09124087591240876
1 0.07675814751286447 0.5790754257907542 0.054030874785591765 0.07785888077858881
1 0.09433962264150941 0.6423357664233577 0.058319039451114926 0.09245742092457421
1 0.11277873070325906 0.7037712895377128 0.054030874785591765 0.09124087591240876
1 0.130360205831904 0.767639902676399 0.058319039451114926 0.09002433090024331
