8 0.8122866894197952 0.42592592592592593 0.06655290102389079 0.10052910052910052
8 0.8519624573378839 0.5291005291005291 0.1015358361774744 0.08112874779541446
8 0.7367747440273038 0.46119929453262787 0.07252559726962457 0.2204585537918871
8 0.6484641638225256 0.47883597883597884 0.07337883959044368 0.23809523809523808
8 0.8238054607508533 0.6472663139329806 0.19880546075085323 0.10582010582010581
8 0.5588737201365188 0.4858906525573192 0.051194539249146756 0.19576719576719576
8 0.49189419795221845 0.5326278659611993 0.0537542662116041 0.24338624338624337
8 0.5366894197952219 0.7160493827160493 0.16723549488054607 0.12345679012345678
8 0.4176621160409556 0.5423280423280423 0.050341296928327645 0.3439153439153439
8 0.16339590443686003 0.2566137566137566 0.13395904436860068 0.2310405643738977
8 0.2372013651877133 0.4523809523809524 0.16552901023890784 0.3439153439153439
8 0.10665529010238906 0.5035273368606702 0.15187713310580206 0.26631393298059963
