9 0.9318734793187348 0.8440860215053764 0.035685320356853206 0.0931899641577061
9 0.8953771289537713 0.5618279569892473 0.058394160583941604 0.11648745519713262
9 0.7635847526358475 0.6370967741935484 0.0413625304136253 0.09498207885304659
9 0.7011354420113545 0.22939068100358423 0.038118410381184104 0.11469534050179211
9 0.5527169505271695 0.07616487455197132 0.046228710462287104 0.06272401433691756
9 0.4582319545823196 0.3270609318996416 0.0373073803730738 0.11648745519713262
9 0.43065693430656937 0.49014336917562723 0.06163828061638281 0.0913978494623656
9 0.5592051905920519 0.764336917562724 0.06731549067315491 0.05555555555555555
9 0.3260340632603407 0.13620071684587814 0.0454176804541768 0.05734767025089606
9 0.2656123276561233 0.1935483870967742 0.046228710462287104 0.053763440860215055
9 0.2380373073803731 0.46863799283154123 0.0494728304947283 0.04838709677419355
9 0.2850770478507705 0.8216845878136201 0.05596107055961071 0.12007168458781362
9 0.1707218167072182 0.1550179211469534 0.039740470397404706 0.05913978494623656
9 0.11719383617193835 0.3055555555555556 0.038118410381184104 0.044802867383512544
9 0.06366585563665861 0.2616487455197133 0.0332522303325223 0.06810035842293907
