8 0.6680851063829787 0.1900900900900901 0.03829787234042553 0.18558558558558558
8 0.7287234042553192 0.25675675675675674 0.1595744680851064 0.05945945945945946
8 0.7377659574468085 0.4018018018018018 0.16276595744680852 0.0972972972972973
8 0.7664893617021277 0.5459459459459459 0.13085106382978723 0.07207207207207207
8 0.5824468085106382 0.5225225225225225 0.19893617021276597 0.05765765765765766
8 0.548936170212766 0.08198198198198198 0.1127659574468085 0.06666666666666667
8 0.5446808510638298 0.21711711711711712 0.13191489361702127 0.09549549549549549
8 0.5494680851063829 0.3810810810810811 0.14148936170212767 0.10270270270270271
8 0.3675531914893617 0.1045045045045045 0.12872340425531914 0.10810810810810811
8 0.35106382978723405 0.2801801801801802 0.13404255319148936 0.1063063063063063
8 0.34042553191489366 0.44684684684684683 0.13829787234042554 0.1009009009009009
8 0.3329787234042553 0.6207207207207207 0.1425531914893617 0.1063063063063063
8 0.298936170212766 0.7720720720720721 0.20425531914893616 0.06666666666666667
