0 0.9 0.46176470588235297 0.05701357466063348 0.08235294117647059
0 0.832579185520362 0.46911764705882353 0.047058823529411764 0.10294117647058823
0 0.7642533936651583 0.44632352941176473 0.05520361990950226 0.09852941176470588
0 0.6945701357466063 0.4522058823529412 0.05339366515837104 0.10735294117647058
0 0.5529411764705883 0.4308823529411765 0.05429864253393665 0.09117647058823529
0 0.5090497737556561 0.3411764705882353 0.06425339366515836 0.09117647058823529
0 0.4063348416289593 0.15808823529411764 0.05972850678733032 0.07794117647058824
0 0.3751131221719457 0.06691176470588235 0.06968325791855204 0.09852941176470588
0 0.9253393665158371 0.8117647058823529 0.04796380090497738 0.07941176470588235
0 0.7900452488687782 0.8536764705882353 0.0579185520361991 0.09558823529411764
0 0.6493212669683258 0.8941176470588236 0.049773755656108594 0.058823529411764705
0 0.3375565610859729 0.4772058823529412 0.06515837104072399 0.0838235294117647
0 0.28778280542986423 0.3897058823529412 0.056108597285067875 0.1
0 0.04751131221719462 0.6389705882352941 0.058823529411764705 0.10735294117647058
