9 0.8693576388888888 0.09836065573770492 0.07725694444444445 0.03278688524590164
9 0.6111111111111112 0.09687034277198212 0.0798611111111111 0.03576751117734724
9 0.5203993055555556 0.09985096870342772 0.07725694444444445 0.03576751117734724
9 0.9483506944444444 0.18926974664679583 0.04079861111111111 0.11326378539493294
9 0.8971354166666666 0.6564828614008942 0.07899305555555555 0.03427719821162444
9 0.7261284722222222 0.6982116244411326 0.06510416666666667 0.03129657228017884
9 0.5021701388888888 0.9038748137108793 0.0234375 0.13561847988077497
9 0.26432291666666663 0.6661698956780924 0.07378472222222222 0.03576751117734724
9 0.12890625 0.706408345752608 0.05642361111111111 0.09538002980625931
1 0.5199652777777778 0.23099850968703428 0.04513888888888889 0.07749627421758569
1 0.5203993055555556 0.3144560357675112 0.04600694444444445 0.07451564828614009
1 0.5225694444444444 0.3919523099850969 0.04513888888888889 0.07451564828614009
1 0.3980034722222222 0.3166915052160954 0.042534722222222224 0.07302533532041729
1 0.3984375 0.39344262295081966 0.041666666666666664 0.07451564828614009
1 0.34114583333333337 0.3830104321907601 0.046875 0.07749627421758569
1 0.2899305555555556 0.3837555886736215 0.04513888888888889 0.07600596125186289
