5 0.4781976744186046 0.6007109004739336 0.5494186046511628 0.514218009478673
3 0.1598837209302325 0.5071090047393365 0.06395348837209303 0.13270142180094788
3 0.1133720930232558 0.5023696682464455 0.06686046511627906 0.13270142180094788
3 0.26090116279069764 0.3708530805687204 0.059593023255813955 0.13033175355450238
3 0.22020348837209303 0.36611374407582936 0.056686046511627904 0.13033175355450238
3 0.17877906976744184 0.3613744075829384 0.055232558139534885 0.12085308056872038
3 0.14098837209302328 0.35545023696682465 0.05813953488372093 0.11848341232227488
3 0.23328488372093026 0.23459715639810427 0.059593023255813955 0.11848341232227488
3 0.1911337209302325 0.22748815165876776 0.059593023255813955 0.11374407582938388
2 0.4236918604651163 0.12677725118483413 0.12354651162790697 0.14454976303317535
