9 0.4883011190233978 0.27613104524180965 0.044760935910478125 0.078003120124805
9 0.40030518819938965 0.4095163806552262 0.04577822990844354 0.07644305772230889
9 0.4282807731434385 0.5460218408736349 0.059003051881993895 0.0967238689547582
9 0.4542217700915565 0.5834633385335414 0.06612410986775177 0.10920436817472699
9 0.5310274669379451 0.6817472698907956 0.052899287894201424 0.0904836193447738
1 0.4516785350966429 0.13494539781591264 0.0508646998982706 0.08268330733229329
1 0.3514750762970499 0.11232449297971919 0.05595116988809766 0.0842433697347894
1 0.36927772126144454 0.23478939157566303 0.052899287894201424 0.07956318252730109
1 0.26754832146490337 0.1606864274570983 0.052899287894201424 0.0811232449297972
1 0.2884028484231943 0.3096723868954758 0.05391658189216684 0.08268330733229329
1 0.17446592065106814 0.21684867394695787 0.05391658189216684 0.0842433697347894
1 0.19074262461851477 0.3377535101404056 0.05391658189216684 0.08268330733229329
1 0.20956256358087488 0.4828393135725429 0.052899287894201424 0.07956318252730109
1 0.08596134282807733 0.30577223088923555 0.05595116988809766 0.0811232449297972
1 0.10783316378433372 0.44929797191887677 0.0508646998982706 0.0842433697347894
1 0.2070193285859614 0.4859594383775351 0.05391658189216684 0.08580343213728549
1 0.1368260427263479 0.6731669266770671 0.04984740590030519 0.07956318252730109
1 0.0600203458799593 0.6973478939157566 0.048830111902339775 0.078003120124805
1 0.14954221770091558 0.7472698907956318 0.048830111902339775 0.078003120124805
1 0.0722278738555443 0.7683307332293292 0.048830111902339775 0.07644305772230889
1 0.16225839267548325 0.8307332293291732 0.05188199389623601 0.07956318252730109
1 0.08697863682604268 0.858034321372855 0.04781281790437437 0.0811232449297972
1 0.5579857578840285 0.906396255850234 0.05188199389623601 0.0811232449297972
