3 0.6444321940463065 0.18309859154929578 0.07166482910694598 0.0528169014084507
3 0.6444321940463065 0.2420774647887324 0.07166482910694598 0.04753521126760563
3 0.6455347298787211 0.3019366197183099 0.06945975744211687 0.051056338028169015
3 0.5507166482910695 0.18045774647887325 0.06945975744211687 0.051056338028169015
3 0.45920617420066157 0.17341549295774647 0.07166482910694598 0.04753521126760563
4 0.663175303197354 0.3890845070422535 0.07386990077177508 0.05985915492957746
4 0.6626240352811467 0.4480633802816901 0.06835722160970231 0.058098591549295774
4 0.6642778390297684 0.511443661971831 0.07166482910694598 0.058098591549295774
4 0.663175303197354 0.573943661971831 0.07166482910694598 0.06338028169014084
5 0.820837927232635 0.40933098591549294 0.19294377067254687 0.4982394366197183
