8 0.9533648170011806 0.39372822299651566 0.043683589138134596 0.14634146341463414
8 0.8907910271546635 0.4024390243902439 0.05076741440377804 0.1672473867595819
8 0.8311688311688312 0.40069686411149824 0.05194805194805195 0.1672473867595819
8 0.7644628099173554 0.39372822299651566 0.048406139315230225 0.1602787456445993
8 0.6959858323494688 0.3893728222996516 0.05076741440377804 0.15853658536585366
8 0.6210153482880756 0.3806620209059233 0.06139315230224321 0.16202090592334495
8 0.5472255017709563 0.37543554006968644 0.06257378984651712 0.17247386759581881
8 0.4675324675324676 0.3702090592334495 0.06611570247933884 0.15853658536585366
8 0.36009445100354187 0.36585365853658536 0.07319952774498228 0.1672473867595819
8 0.2638724911452184 0.3597560975609756 0.09090909090909091 0.18292682926829268
8 0.13872491145218413 0.3606271777003484 0.08382526564344746 0.15331010452961671
8 0.04368358913813464 0.352787456445993 0.07792207792207792 0.15853658536585366
