1 0.13880288957688336 0.6440903054448871 0.04437564499484004 0.06108897742363878
1 0.16563467492260064 0.5571049136786188 0.04643962848297214 0.0650730411686587
1 0.18575851393188858 0.6195219123505976 0.043343653250773995 0.06241699867197875
1 0.2528379772961816 0.48339973439575035 0.043343653250773995 0.06108897742363878
1 0.2703818369453045 0.5438247011952191 0.043343653250773995 0.06241699867197875
1 0.3075335397316822 0.4747675962815405 0.043343653250773995 0.0650730411686587
1 0.33436532507739936 0.5272244355909694 0.0392156862745098 0.055776892430278883
1 0.44272445820433437 0.35391766268260294 0.03715170278637771 0.05179282868525897
1 0.45717234262125905 0.4037184594953519 0.03715170278637771 0.05046480743691899
1 0.47987616099071206 0.3346613545816733 0.03715170278637771 0.05312084993359894
1 0.49535603715170273 0.3844621513944223 0.0392156862745098 0.049136786188579015
1 0.5123839009287925 0.4355909694555113 0.038183694530443756 0.05312084993359894
1 0.7270381836945304 0.18193891102257637 0.025799793601651185 0.034528552456839307
1 0.736842105263158 0.2098273572377158 0.02476780185758514 0.034528552456839307
