9 0.9287099903006789 0.05670926517571885 0.08826382153249272 0.06549520766773163
9 0.9321047526673133 0.12859424920127796 0.06013579049466537 0.05591054313099041
9 0.8448108632395732 0.0950479233226837 0.07177497575169738 0.04952076677316294
9 0.7730358874878759 0.13178913738019168 0.07565470417070805 0.05910543130990415
9 0.7090203685741998 0.26517571884984026 0.09893307468477207 0.08306709265175719
9 0.5902036857419981 0.3738019169329074 0.0921435499515034 0.10223642172523961
9 0.47381183317167797 0.36501597444089456 0.07468477206595538 0.08466453674121406
9 0.3554801163918526 0.48482428115015974 0.11154219204655674 0.12619808306709265
9 0.22065955383123181 0.6437699680511182 0.11348205625606207 0.15335463258785942
9 0.25654704170708054 0.7731629392971247 0.09408341416100872 0.17252396166134185
