0 0.9203539823008849 0.3627450980392157 0.04523107177974434 0.11764705882352941
0 0.7841691248770895 0.35490196078431374 0.05604719764011799 0.12156862745098039
0 0.716322517207473 0.3029411764705882 0.0599803343166175 0.1392156862745098
0 0.5103244837758112 0.29215686274509806 0.04523107177974434 0.11372549019607843
0 0.4478859390363815 0.25392156862745097 0.07571288102261553 0.14705882352941177
0 0.3790560471976401 0.26176470588235295 0.046214355948869225 0.11176470588235295
0 0.3062930186823992 0.22647058823529412 0.0855457227138643 0.17058823529411765
0 0.1941986234021632 0.19411764705882353 0.09341199606686332 0.17647058823529413
0 0.08456243854473944 0.22549019607843138 0.07866273352999016 0.14901960784313725
0 0.10275319567354968 0.6401960784313725 0.07374631268436578 0.10784313725490197
