6 0.6918443002780352 0.8445558739255015 0.026876737720111215 0.08452722063037249
6 0.6909175162187211 0.752865329512894 0.023169601482854494 0.07306590257879657
6 0.42400370713623725 0.8932664756446992 0.05468025949953661 0.03868194842406877
6 0.6682113067655236 0.5959885386819485 0.05560704355885079 0.04011461318051576
6 0.47312326227988877 0.497134670487106 0.025023169601482854 0.08022922636103152
6 0.39434661723818354 0.4899713467048711 0.025023169601482854 0.07449856733524356
6 0.23030583873957367 0.4863896848137536 0.028730305838739572 0.08739255014326648
6 0.20342910101946243 0.48495702005730656 0.028730305838739572 0.08166189111747851
6 0.18118628359592215 0.4806590257879656 0.025023169601482854 0.07879656160458452
6 0.15940685820203893 0.47636103151862463 0.022242817423540315 0.0673352435530086
6 0.1376274328081557 0.47277936962750716 0.023169601482854494 0.06876790830945559
6 0.06997219647822062 0.3646131805157593 0.025023169601482854 0.06446991404011461
6 0.19694161260426324 0.13681948424068768 0.03429101019462465 0.06160458452722063
6 0.2247451343836886 0.12750716332378223 0.030583873957367932 0.06017191977077364
6 0.5945319740500463 0.8724928366762178 0.047265987025023166 0.03724928366762178
6 0.7738646895273401 0.5157593123209169 0.020389249304911955 0.06876790830945559
6 0.7025023169601483 0.5021489971346705 0.020389249304911955 0.055873925501432664
6 0.6501390176088971 0.5050143266475645 0.028730305838739572 0.07593123209169055
6 0.5023169601482855 0.49641833810888253 0.024096385542168676 0.06160458452722063
6 0.4467099165894347 0.49426934097421205 0.018535681186283594 0.054441260744985676
6 0.4179796107506951 0.498567335243553 0.024096385542168676 0.06303724928366762
6 0.2803521779425394 0.4871060171919771 0.019462465245597776 0.06876790830945559
6 0.2548656163113995 0.48495702005730656 0.020389249304911955 0.06446991404011461
6 0.70064874884152 0.13896848137535817 0.029657089898053754 0.07449856733524356
6 0.2247451343836886 0.6110315186246418 0.04355885078776645 0.03008595988538682
6 0.07089898053753474 0.15830945558739254 0.019462465245597776 0.0673352435530086
6 0.06765523632993509 0.2786532951289398 0.022242817423540315 0.07020057306590258
6 0.5987025023169601 0.832378223495702 0.04077849860982391 0.03151862464183381
