0 0.8805825242718447 0.3368852459016393 0.06019417475728155 0.09016393442622951
0 0.7907766990291262 0.3401639344262295 0.04757281553398058 0.09016393442622951
0 0.7179611650485437 0.34262295081967215 0.05728155339805825 0.08852459016393442
0 0.583495145631068 0.34098360655737703 0.04854368932038835 0.07868852459016394
0 0.4242718446601942 0.3442622950819672 0.05825242718446602 0.08524590163934426
0 0.3543689320388349 0.3483606557377049 0.062135922330097085 0.08688524590163935
0 0.220873786407767 0.3401639344262295 0.05533980582524272 0.08032786885245902
0 0.9116504854368932 0.6188524590163934 0.05825242718446602 0.09344262295081968
0 0.7563106796116505 0.6172131147540983 0.062135922330097085 0.09672131147540984
0 0.42184466019417477 0.6754098360655738 0.06310679611650485 0.11147540983606558
0 0.3398058252427184 0.6434426229508197 0.04466019417475728 0.1
0 0.25825242718446606 0.6311475409836066 0.04660194174757282 0.10491803278688525
0 0.07718446601941753 0.6180327868852459 0.059223300970873784 0.10491803278688525
