6 0.07511520737327193 0.14144271570014144 0.034101382488479264 0.07920792079207921
6 0.16682027649769582 0.4101838755304102 0.055299539170506916 0.056577086280056574
6 0.13410138248847925 0.4787835926449788 0.05069124423963134 0.055162659123055166
6 0.2654377880184332 0.47736916548797736 0.04423963133640553 0.04950495049504951
6 0.2599078341013825 0.5608203677510608 0.0423963133640553 0.04950495049504951
6 0.3046082949308756 0.5905233380480905 0.041474654377880185 0.04667609618104668
6 0.40921658986175113 0.57001414427157 0.047926267281105994 0.05374823196605375
6 0.41152073732718897 0.6626591230551626 0.047004608294930875 0.05233380480905234
6 0.4635944700460829 0.6987270155586988 0.047926267281105994 0.05374823196605375
6 0.7119815668202765 0.8698727015558698 0.04884792626728111 0.05091937765205092
6 0.7105990783410139 0.7786421499292786 0.04423963133640553 0.05233380480905234
6 0.8023041474654378 0.7241867043847242 0.035944700460829496 0.07920792079207921
6 0.8387096774193549 0.5785007072135785 0.029493087557603687 0.07920792079207921
6 0.8516129032258064 0.39957567185289955 0.023963133640552997 0.08345120226308345
6 0.9119815668202765 0.18033946251768035 0.026728110599078342 0.08345120226308345
6 0.936405529953917 0.9222065063649222 0.05161290322580645 0.031117397454031116
6 0.8815668202764977 0.8974540311173974 0.041474654377880185 0.03253182461103253
6 0.6092165898617512 0.7050919377652051 0.04608294930875576 0.03818953323903819
6 0.45483870967741935 0.6011315417256011 0.04331797235023042 0.033946251768033946
6 0.09815668202764982 0.3628005657708628 0.047004608294930875 0.04101838755304102
6 0.9009216589861752 0.4377652050919378 0.02304147465437788 0.06647807637906648
