9 0.3386433710174718 0.5047489823609227 0.040082219938335044 0.10312075983717775
9 0.18499486125385411 0.3141112618724559 0.03905447070914697 0.09362279511533243
9 0.21479958890030837 0.6248303934871099 0.04316546762589928 0.10176390773405698
1 0.36793422404933196 0.694708276797829 0.045220966084275435 0.06512890094979647
1 0.39722507708119215 0.7469470827679783 0.044193216855087356 0.06377204884667571
1 0.302158273381295 0.7591587516960652 0.04316546762589928 0.06377204884667571
1 0.33042137718396714 0.8127544097693351 0.0421377183967112 0.06784260515603799
1 0.25745118191161354 0.816146540027137 0.046248715313463515 0.06648575305291723
1 0.2882836587872559 0.8697421981004071 0.0421377183967112 0.06512890094979647
1 0.5498458376156218 0.9151967435549525 0.045220966084275435 0.06377204884667571
1 0.49177800616649536 0.9185888738127544 0.046248715313463515 0.05970149253731343
