6 0.38847583643122674 0.8512747875354107 0.046468401486988845 0.056657223796033995
6 0.21840148698884754 0.5077903682719547 0.05018587360594796 0.05240793201133145
6 0.137546468401487 0.3590651558073654 0.022304832713754646 0.07507082152974505
6 0.11105947955390338 0.3286118980169972 0.02509293680297398 0.07365439093484419
6 0.08131970260223054 0.28895184135977336 0.02509293680297398 0.0821529745042493
6 0.1045539033457249 0.11968838526912182 0.039962825278810406 0.07790368271954674
6 0.15752788104089221 0.21458923512747877 0.05111524163568773 0.03824362606232295
6 0.3220260223048327 0.4546742209631728 0.056691449814126396 0.036827195467422094
6 0.37639405204460963 0.5318696883852692 0.05390334572490706 0.03824362606232295
6 0.4061338289962825 0.56657223796034 0.048327137546468404 0.036827195467422094
6 0.35176579925650553 0.1813031161473088 0.0362453531598513 0.0708215297450425
6 0.37221189591078063 0.2046742209631728 0.03810408921933085 0.06657223796033994
6 0.41728624535315983 0.24787535410764872 0.03903345724907063 0.0708215297450425
6 0.4344795539033457 0.2719546742209632 0.032527881040892194 0.06515580736543909
6 0.45585501858736055 0.29249291784702547 0.03810408921933085 0.06940509915014165
6 0.474907063197026 0.31586402266288954 0.03903345724907063 0.07365439093484419
6 0.4944237918215614 0.34490084985835695 0.03717472118959108 0.06373937677053824
6 0.5162639405204461 0.4440509915014164 0.041821561338289966 0.060906515580736544
6 0.5102230483271375 0.4773371104815864 0.03903345724907063 0.053824362606232294
6 0.4902416356877324 0.5070821529745042 0.039962825278810406 0.056657223796033995
6 0.4688661710037175 0.5509915014164306 0.02509293680297398 0.0764872521246459
6 0.44005576208178443 0.5396600566572238 0.02137546468401487 0.06232294617563739
6 0.41914498141263945 0.5021246458923513 0.024163568773234202 0.07790368271954674
6 0.512546468401487 0.5906515580736544 0.04368029739776952 0.06232294617563739
6 0.5320631970260223 0.5488668555240793 0.039962825278810406 0.05524079320113314
6 0.5525092936802973 0.5283286118980169 0.047397769516728624 0.0679886685552408
6 0.5701672862453532 0.4985835694050991 0.04553903345724907 0.06515580736543909
6 0.5855018587360594 0.46742209631728043 0.05204460966542751 0.06232294617563739
6 0.5985130111524164 0.43059490084985835 0.048327137546468404 0.053824362606232294
6 0.608271375464684 0.3895184135977337 0.04368029739776952 0.053824362606232294
6 0.6161710037174721 0.34490084985835695 0.040892193308550186 0.04107648725212465
6 0.6273234200743494 0.3052407932011331 0.05018587360594796 0.046742209631728045
6 0.645910780669145 0.4978753541076487 0.05390334572490706 0.046742209631728045
6 0.6552044609665427 0.5616147308781869 0.03903345724907063 0.05240793201133145
6 0.6026951672862453 0.6175637393767706 0.0604089219330855 0.0764872521246459
6 0.5697026022304832 0.32223796033994334 0.03903345724907063 0.06657223796033994
6 0.546003717472119 0.2953257790368272 0.03810408921933085 0.06657223796033994
6 0.5037174721189591 0.2535410764872521 0.03345724907063197 0.06232294617563739
6 0.4851301115241635 0.23158640226628896 0.03345724907063197 0.060906515580736544
6 0.4674721189591078 0.20538243626062322 0.03717472118959108 0.0764872521246459
6 0.4451672862453532 0.18838526912181303 0.03717472118959108 0.0679886685552408
6 0.42518587360594795 0.16147308781869688 0.03810408921933085 0.0764872521246459
6 0.47211895910780666 0.10764872521246459 0.03903345724907063 0.07365439093484419
6 0.5148698884758365 0.16076487252124647 0.031598513011152414 0.060906515580736544
6 0.5381040892193308 0.17988668555240794 0.03345724907063197 0.06232294617563739
6 0.5813197026022305 0.22025495750708216 0.0362453531598513 0.06940509915014165
6 0.6050185873605948 0.24079320113314448 0.03903345724907063 0.0764872521246459
6 0.8698884758364313 0.5920679886685553 0.026022304832713755 0.08781869688385269
6 0.7983271375464684 0.6196883852691218 0.027881040892193308 0.060906515580736544
6 0.5446096654275092 0.6805949008498584 0.046468401486988845 0.06940509915014165
6 0.4879182156133829 0.6458923512747875 0.048327137546468404 0.031161473087818695
6 0.44005576208178443 0.6451841359773371 0.04553903345724907 0.029745042492917848
6 0.4158921933085502 0.6083569405099151 0.04368029739776952 0.029745042492917848
6 0.5195167286245352 0.9638810198300283 0.040892193308550186 0.06373937677053824
6 0.3931226765799256 0.47592067988668557 0.024163568773234202 0.056657223796033995
6 0.3629182156133829 0.4412181303116147 0.023234200743494422 0.060906515580736544
6 0.3466542750929368 0.4964589235127479 0.05018587360594796 0.03541076487252125
6 0.3118029739776952 0.3548158640226629 0.023234200743494422 0.06373937677053824
6 0.29600371747211895 0.4178470254957507 0.05111524163568773 0.031161473087818695
6 0.45353159851301117 0.08144475920679886 0.03717472118959108 0.05524079320113314
6 0.42750929368029744 0.0679886685552408 0.031598513011152414 0.056657223796033995
6 0.40241635687732347 0.13526912181303116 0.03345724907063197 0.05807365439093484
6 0.133364312267658 0.17705382436260622 0.047397769516728624 0.039660056657223795
6 0.1905204460966543 0.2528328611898017 0.05204460966542751 0.03541076487252125
6 0.24535315985130113 0.9065155807365439 0.040892193308550186 0.0764872521246459
6 0.5371747211895911 0.3888101983002833 0.04275092936802974 0.060906515580736544
6 0.5139405204460967 0.36756373937677056 0.03531598513011153 0.05524079320113314
