1 0.2205447010065127 0.2665692007797271 0.055062166962699825 0.08284600389863547
1 0.17229129662522202 0.26169590643274854 0.06039076376554174 0.0847953216374269
1 0.12936648904677328 0.2309941520467836 0.056246299585553584 0.08187134502923976
1 0.23919478981645947 0.34990253411306044 0.06039076376554174 0.09551656920077972
1 0.18857312018946126 0.35233918128654973 0.0586145648312611 0.09064327485380116
1 0.13351095322676143 0.34990253411306044 0.0586145648312611 0.08382066276803118
1 0.2658377738306691 0.44541910331384016 0.04262877442273535 0.07602339181286549
1 0.2667258732978094 0.5058479532163743 0.04440497335701599 0.07017543859649122
1 0.2279455298993487 0.44639376218323584 0.044997039668442866 0.0682261208576998
1 0.22764949674363533 0.5082846003898636 0.04440497335701599 0.06725146198830409
1 0.1808762581409118 0.48050682261208577 0.06098283007696862 0.0935672514619883
1 0.2676139727649497 0.5755360623781677 0.04262877442273535 0.06725146198830409
1 0.2664298401420959 0.6388888888888888 0.04262877442273535 0.07309941520467836
1 0.22912966252220246 0.5769980506822612 0.04262877442273535 0.06432748538011696
1 0.22824156305506216 0.6398635477582846 0.04440497335701599 0.07309941520467836
1 0.1918294849023091 0.5789473684210527 0.04262877442273535 0.07017543859649122
1 0.19064535227945534 0.6379142300194932 0.044997039668442866 0.07115009746588694
1 0.15541740674955595 0.580896686159844 0.04085257548845471 0.06237816764132553
1 0.15571343990526942 0.6320662768031189 0.03907637655417407 0.057504873294346975
1 0.26791000592066316 0.7115009746588694 0.045589105979869746 0.07602339181286549
1 0.23120189461219653 0.7085769980506823 0.04440497335701599 0.07602339181286549
1 0.19330965068087624 0.7095516569200779 0.04203670811130847 0.0682261208576998
1 0.15541740674955595 0.7095516569200779 0.04440497335701599 0.07407407407407407
1 0.22557726465364125 0.7958089668615984 0.056838365896980464 0.09259259259259259
1 0.16489046773238603 0.8001949317738791 0.06098283007696862 0.09161793372319688
9 0.8558318531675548 0.21150097465886938 0.03256364712847839 0.11695906432748537
9 0.8706335109532268 0.5921052631578947 0.06571936056838366 0.09649122807017543
9 0.7013025458851392 0.5745614035087719 0.04914150384843102 0.1023391812865497
9 0.5532859680284192 0.10282651072124756 0.04085257548845471 0.10038986354775828
9 0.41178211959739486 0.097953216374269 0.04322084073416223 0.07894736842105263
