6 0.823199251637044 0.5501474926253688 0.04490177736202058 0.058997050147492625
6 0.8302151543498597 0.13495575221238937 0.04957904583723106 0.06932153392330384
6 0.7502338634237605 0.2374631268436578 0.031805425631431246 0.07374631268436578
6 0.7291861552853134 0.26253687315634217 0.03274087932647334 0.07374631268436578
6 0.5388213283442469 0.26253687315634217 0.05612722170252572 0.07964601769911504
6 0.480355472404116 0.5036873156342183 0.03086997193638915 0.0752212389380531
6 0.4326473339569691 0.5501474926253688 0.03274087932647334 0.07374631268436578
6 0.4130028063610851 0.5744837758112095 0.028999064546304958 0.06637168141592921
6 0.26520112254443406 0.6991150442477876 0.028999064546304958 0.06784660766961652
6 0.22731524789522917 0.7514749262536873 0.03367633302151544 0.0752212389380531
6 0.08980355472404111 0.9107669616519174 0.02806361085126286 0.06342182890855458
6 0.11131898971000931 0.20058997050147492 0.031805425631431246 0.07374631268436578
6 0.0612722170252572 0.23303834808259588 0.03274087932647334 0.07079646017699115
6 0.019644527595883976 0.27949852507374634 0.031805425631431246 0.0752212389380531
6 0.6393826005612722 0.34513274336283184 0.027128157156220765 0.061946902654867256
6 0.558933582787652 0.4277286135693215 0.025257249766136577 0.05309734513274336
6 0.38493919550982225 0.5759587020648967 0.027128157156220765 0.05752212389380531
6 0.36856875584658555 0.4247787610619469 0.0411599625818522 0.058997050147492625
