1 0.6044061302681992 0.39683734939759036 0.05747126436781609 0.10090361445783133
1 0.5531609195402298 0.43448795180722893 0.04693486590038314 0.07981927710843373
1 0.5004789272030652 0.4683734939759036 0.04693486590038314 0.0783132530120482
1 0.4300766283524904 0.5045180722891566 0.04789272030651341 0.08132530120481928
1 0.4051724137931034 0.39457831325301207 0.04980842911877394 0.08433734939759036
1 0.3237547892720306 0.4450301204819277 0.04789272030651341 0.07680722891566265
1 0.3156130268199234 0.5082831325301205 0.035440613026819924 0.058734939759036146
1 0.34913793103448276 0.552710843373494 0.04885057471264368 0.07530120481927711
1 0.335727969348659 0.7146084337349398 0.04310344827586207 0.0677710843373494
1 0.4147509578544061 0.7929216867469879 0.03065134099616858 0.05271084337349398
1 0.45498084291187735 0.6174698795180723 0.05172413793103448 0.0783132530120482
1 0.4813218390804598 0.7304216867469879 0.04693486590038314 0.0783132530120482
1 0.5272988505747127 0.579066265060241 0.04693486590038314 0.07680722891566265
1 0.553639846743295 0.6875 0.04789272030651341 0.07981927710843373
1 0.5957854406130267 0.5195783132530121 0.06130268199233716 0.09939759036144578
1 0.6149425287356323 0.6114457831325302 0.04980842911877394 0.08433734939759036
1 0.6317049808429118 0.6927710843373494 0.04885057471264368 0.08132530120481928
1 0.6513409961685823 0.4939759036144578 0.04789272030651341 0.08132530120481928
1 0.6681034482758621 0.5670180722891566 0.04693486590038314 0.07379518072289157
