0 0.8893805309734513 0.11395101171458999 0.061946902654867256 0.10010649627263046
0 0.8093657817109144 0.11608093716719915 0.0803834808259587 0.10862619808306709
0 0.7201327433628318 0.10489882854100106 0.07743362831858407 0.11182108626198083
0 0.6360619469026549 0.12673056443024494 0.07300884955752213 0.10649627263045794
0 0.5549410029498525 0.1448349307774228 0.0700589970501475 0.09584664536741214
0 0.47529498525073743 0.12726304579339723 0.07890855457227139 0.11182108626198083
0 0.3827433628318584 0.13471778487752928 0.06637168141592921 0.09691160809371673
0 0.28650442477876104 0.12619808306709265 0.09513274336283185 0.13099041533546327
0 0.19800884955752207 0.13525026624068157 0.07743362831858407 0.12140575079872204
0 0.11615044247787609 0.13791267305644303 0.07743362831858407 0.10969116080937168
0 0.9233038348082596 0.28913738019169327 0.08259587020648967 0.10543130990415335
0 0.8845870206489675 0.56975505857295 0.07448377581120944 0.08945686900958466
0 0.8808997050147492 0.6975505857294995 0.08628318584070796 0.10223642172523961
0 0.8853244837758112 0.8205537806176784 0.07300884955752213 0.0926517571884984
1 0.4044985250737463 0.531416400425985 0.04056047197640118 0.0617678381256656
1 0.3786873156342183 0.5804046858359957 0.04056047197640118 0.05324813631522897
1 0.43952802359882004 0.5633652822151225 0.04424778761061947 0.0617678381256656
1 0.4192477876106194 0.6144834930777423 0.04056047197640118 0.05750798722044728
1 0.4963126843657817 0.6043663471778488 0.03392330383480826 0.04792332268370607
1 0.47418879056047203 0.6549520766773163 0.03392330383480826 0.04898828541001065
1 0.5272861356932154 0.6320553780617678 0.03392330383480826 0.04579339723109691
1 0.5051622418879056 0.6842385516506923 0.030973451327433628 0.04792332268370607
1 0.558259587020649 0.6608093716719915 0.030973451327433628 0.043663471778487756
1 0.5368731563421829 0.711395101171459 0.032448377581120944 0.046858359957401494
1 0.6253687315634218 0.5351437699680511 0.029498525073746312 0.03727369542066028
1 0.6423303834808259 0.49787007454739085 0.022123893805309734 0.03727369542066028
