0 0.8809082483781279 0.13060278207109738 0.08989805375347544 0.13137557959814528
0 0.8957367933271547 0.4095826893353941 0.08619091751621873 0.1267387944358578
0 0.8989805375347544 0.5455950540958269 0.0871177015755329 0.1267387944358578
0 0.7409638554216867 0.10896445131375579 0.0639481000926784 0.12828438948995363
0 0.7349397590361446 0.2542503863987635 0.0778498609823911 0.13446676970633695
0 0.7326227988878591 0.40030911901081917 0.08989805375347544 0.12982998454404945
0 0.7437442075996292 0.5471406491499228 0.0639481000926784 0.12982998454404945
0 0.7293790546802594 0.6970633693972179 0.0871177015755329 0.1267387944358578
0 0.7326227988878591 0.8438948995363215 0.08804448563484708 0.1267387944358578
0 0.5162187210379982 0.6939721792890263 0.0778498609823911 0.13292117465224113
0 0.5180722891566265 0.8508500772797527 0.0778498609823911 0.12210200927357033
0 0.3076923076923077 0.08578052550231839 0.061167747914735865 0.13137557959814528
0 0.30213160333642264 0.23338485316846985 0.07414272474513438 0.12982998454404945
0 0.303985171455051 0.5316846986089645 0.07599629286376275 0.12982998454404945
0 0.30305838739573676 0.7024729520865534 0.07599629286376275 0.13137557959814528
0 0.0908248378127896 0.23647604327666152 0.0778498609823911 0.1267387944358578
0 0.09036144578313254 0.38176197836166925 0.08063021316033364 0.1267387944358578
0 0.09314179796107502 0.5293663060278208 0.082483781278962 0.13137557959814528
0 0.09638554216867468 0.8446676970633694 0.07970342910101946 0.14064914992272023
