0 0.7093649085037674 0.29275092936802977 0.077502691065662 0.09479553903345725
0 0.6383207750269106 0.3131970260223048 0.08180839612486544 0.13197026022304834
0 0.47631862217438103 0.3150557620817844 0.08073196986006459 0.12453531598513011
0 0.39558665231431644 0.3066914498141264 0.05059203444564048 0.09665427509293681
0 0.31485468245425186 0.31784386617100374 0.08073196986006459 0.12639405204460966
0 0.8132400430570506 0.5799256505576208 0.06350914962325081 0.12267657992565056
0 0.7351991388589881 0.5827137546468402 0.06673842841765339 0.12453531598513011
0 0.6571582346609257 0.578996282527881 0.06996770721205597 0.13197026022304834
0 0.3692142088266954 0.5901486988847584 0.0581270182992465 0.12453531598513011
0 0.2997847147470398 0.5947955390334573 0.061356297093649086 0.12639405204460966
