3 0.714431934493347 0.718989280245023 0.042988741044012284 0.1332312404287902
3 0.6606960081883316 0.7136294027565084 0.04196519959058342 0.12557427258805512
3 0.7492323439099284 0.5367534456355283 0.04094165813715456 0.11485451761102604
3 0.6985670419651996 0.5367534456355283 0.03991811668372569 0.11179173047473201
3 0.6489252814738997 0.5352220520673813 0.04912998976458546 0.11179173047473201
3 0.755885363357216 0.22664624808575803 0.03582395087001024 0.09188361408882083
3 0.7113613101330604 0.22664624808575803 0.038894575230296824 0.09188361408882083
3 0.669396110542477 0.22664624808575803 0.0368474923234391 0.09188361408882083
3 0.6238485158648925 0.22664624808575803 0.03991811668372569 0.09188361408882083
3 0.5598771750255885 0.17228177641653905 0.0368474923234391 0.09341500765696784
3 0.518935516888434 0.17228177641653905 0.038894575230296824 0.09341500765696784
7 0.08393039918116685 0.2343032159264931 0.15762538382804503 0.18683001531393567
