1 0.8706597222222222 0.17694566813509544 0.046875 0.06901615271659324
1 0.8125 0.16299559471365638 0.050347222222222224 0.07342143906020558
1 0.6948784722222222 0.2591776798825257 0.04600694444444445 0.07782672540381791
1 0.5355902777777778 0.2444933920704846 0.041666666666666664 0.06607929515418502
1 0.5355902777777778 0.2966226138032305 0.041666666666666664 0.06167400881057269
1 0.5342881944444444 0.355359765051395 0.0390625 0.06461086637298091
1 0.55859375 0.4353891336270191 0.04774305555555555 0.08370044052863436
1 0.5581597222222222 0.5102790014684288 0.046875 0.08076358296622614
1 0.5169270833333333 0.4368575624082232 0.04774305555555555 0.08370044052863436
1 0.5138888888888888 0.5117474302496329 0.046875 0.07488986784140969
1 0.47265625 0.4368575624082232 0.04774305555555555 0.08076358296622614
1 0.4717881944444444 0.5117474302496329 0.051215277777777776 0.08370044052863436
1 0.41927083333333337 0.40748898678414097 0.03298611111111111 0.048458149779735685
1 0.3901909722222222 0.40822320117474303 0.033854166666666664 0.05286343612334802
1 0.40407986111111116 0.4720998531571219 0.04774305555555555 0.07195301027900147
1 0.27170138888888884 0.23715124816446403 0.052083333333333336 0.07488986784140969
