6 0.23051010587102982 0.3137535816618911 0.04908565928777671 0.04871060171919771
6 0.44562078922040427 0.3660458452722063 0.026948989412897015 0.08452722063037249
6 0.5452358036573628 0.417621776504298 0.02791145332050048 0.07593123209169055
6 0.5370548604427334 0.5071633237822349 0.032723772858517804 0.10315186246418338
6 0.5245428296438883 0.7084527220630372 0.026948989412897015 0.07879656160458452
6 0.746390760346487 0.22134670487106017 0.05678537054860443 0.055873925501432664
6 0.8132820019249278 0.44126074498567336 0.032723772858517804 0.07163323782234957
6 0.8272377285851781 0.6561604584527221 0.03176130895091434 0.07449856733524356
6 0.8700673724735323 0.6081661891117478 0.032723772858517804 0.07020057306590258
6 0.9225216554379211 0.578080229226361 0.03368623676612127 0.07020057306590258
6 0.897497593840231 0.12106017191977077 0.05101058710298364 0.044412607449856735
6 0.9037536092396535 0.15830945558739254 0.04619826756496631 0.04154727793696275
6 0.9085659287776708 0.2020057306590258 0.04427333974975938 0.04871060171919771
6 0.9109720885466794 0.24785100286532952 0.04716073147256978 0.05157593123209169
6 0.6472569778633301 0.08237822349570201 0.03368623676612127 0.07879656160458452
