0 0.8472103004291845 0.25779967159277506 0.06866952789699571 0.13464696223316913
0 0.907725321888412 0.4236453201970443 0.07296137339055794 0.10837438423645321
0 0.9257510729613734 0.6124794745484401 0.09184549356223176 0.12151067323481117
0 0.8060085836909872 0.8415435139573071 0.06523605150214593 0.11986863711001643
0 0.5313304721030043 0.22988505747126436 0.07210300429184549 0.1444991789819376
0 0.42875536480686693 0.1962233169129721 0.07296137339055794 0.13957307060755336
0 0.3300429184549356 0.13957307060755336 0.07982832618025751 0.1510673234811166
0 0.1313304721030043 0.16912972085385877 0.08068669527896996 0.12151067323481117
0 0.09484978540772537 0.34072249589490966 0.06952789699570816 0.12315270935960591
0 0.07896995708154508 0.5311986863711001 0.0927038626609442 0.13957307060755336
