0 0.8744369369369369 0.11141304347826086 0.12725225225225226 0.19021739130434784
0 0.8654279279279279 0.30434782608695654 0.09121621621621621 0.12681159420289856
0 0.8676801801801801 0.49818840579710144 0.10247747747747747 0.16304347826086957
0 0.8721846846846847 0.6811594202898551 0.11824324324324324 0.18478260869565216
0 0.8682432432432432 0.8813405797101449 0.11711711711711711 0.1793478260869565
0 0.6244369369369369 0.21920289855072464 0.10472972972972973 0.17028985507246377
0 0.625 0.4411231884057971 0.11936936936936937 0.19021739130434784
0 0.6210585585585586 0.6739130434782609 0.1204954954954955 0.18478260869565216
0 0.6199324324324325 0.8831521739130435 0.11824324324324324 0.19021739130434784
0 0.4076576576576577 0.473731884057971 0.11711711711711711 0.18297101449275363
0 0.30743243243243246 0.19746376811594202 0.11936936936936937 0.17753623188405798
0 0.3063063063063063 0.6847826086956522 0.11711711711711711 0.16666666666666666
0 0.3063063063063063 0.8768115942028986 0.11036036036036036 0.17028985507246377
