9 0.6388449367088608 0.35916919959473154 0.027689873417721517 0.12664640324214793
9 0.514240506329114 0.4533941236068896 0.03639240506329114 0.07801418439716312
9 0.3651107594936709 0.7365754812563323 0.048259493670886076 0.09321175278622088
9 0.2618670886075949 0.11904761904761904 0.061708860759493674 0.08814589665653495
9 0.20846518987341767 0.414387031408308 0.07041139240506329 0.09929078014184398
1 0.8935917721518988 0.05217831813576494 0.05458860759493671 0.07193515704154002
1 0.8397943037974683 0.06332320162107397 0.051424050632911396 0.06990881458966565
1 0.7840189873417721 0.07446808510638298 0.05221518987341772 0.06788247213779129
1 0.7298259493670887 0.0851063829787234 0.049841772151898736 0.07092198581560284
1 0.9588607594936709 0.1038500506585613 0.04430379746835443 0.057750759878419454
1 0.9600474683544303 0.16818642350557245 0.043512658227848104 0.060790273556231005
1 0.9549050632911392 0.23353596757852077 0.0379746835443038 0.05167173252279635
1 0.9564873417721519 0.2887537993920973 0.0379746835443038 0.04660587639311044
1 0.8876582278481012 0.2001013171225937 0.0379746835443038 0.05369807497467072
1 0.8500791139240507 0.207193515704154 0.037183544303797465 0.05167173252279635
1 0.8904272151898734 0.2502532928064843 0.037183544303797465 0.0486322188449848
1 0.8520569620253164 0.2573454913880446 0.0379746835443038 0.0486322188449848
1 0.8924050632911392 0.2998986828774063 0.03639240506329114 0.05065856129685917
1 0.8536392405063291 0.30648429584599796 0.0379746835443038 0.04964539007092199
1 0.7990506329113924 0.21580547112462006 0.0379746835443038 0.0486322188449848
1 0.7610759493670887 0.22289766970618036 0.03639240506329114 0.0486322188449848
1 0.7231012658227849 0.22998986828774062 0.03955696202531646 0.04660587639311044
1 0.8022151898734178 0.26545086119554206 0.0379746835443038 0.0547112462006079
1 0.7646360759493671 0.2735562310030395 0.038765822784810125 0.05268490374873354
1 0.7258702531645569 0.2796352583586626 0.038765822784810125 0.05268490374873354
1 0.8061708860759493 0.31661600810536983 0.0379746835443038 0.05167173252279635
1 0.7670094936708861 0.3221884498480243 0.037183544303797465 0.05268490374873354
1 0.7298259493670887 0.32978723404255317 0.037183544303797465 0.05369807497467072
1 0.805379746835443 0.4493414387031408 0.04430379746835443 0.05977710233029382
1 0.7527689873417721 0.4569402228976697 0.041930379746835444 0.05673758865248227
1 0.8947784810126582 0.12715298885511653 0.05063291139240506 0.06788247213779129
1 0.8425632911392404 0.13677811550151975 0.05063291139240506 0.07092198581560284
1 0.7875791139240507 0.14488348530901723 0.051424050632911396 0.0668693009118541
1 0.7345727848101266 0.15602836879432624 0.049841772151898736 0.06889564336372847
1 0.9568829113924051 0.02988855116514691 0.048259493670886076 0.04154002026342452
