0 0.9121951219512195 0.1652249134948097 0.0702439024390244 0.11245674740484429
0 0.9126829268292683 0.45069204152249137 0.06926829268292684 0.11245674740484429
0 0.915609756097561 0.745674740484429 0.06926829268292684 0.11072664359861592
0 0.9097560975609756 0.8979238754325259 0.08292682926829269 0.11418685121107267
0 0.6819512195121951 0.31055363321799306 0.08 0.0847750865051903
0 0.6848780487804877 0.634083044982699 0.0624390243902439 0.07093425605536333
0 0.688780487804878 0.7569204152249135 0.07804878048780488 0.0847750865051903
0 0.6682926829268292 0.9108996539792388 0.05853658536585366 0.07785467128027682
0 0.5946341463414634 0.4757785467128028 0.055609756097560976 0.14186851211072665
0 0.5073170731707317 0.22145328719723184 0.05268292682926829 0.13494809688581316
0 0.4180487804878049 0.5493079584775087 0.08487804878048781 0.08131487889273356
0 0.4087804878048781 0.6634948096885813 0.06439024390243903 0.07785467128027682
0 0.3951219512195122 0.7750865051903114 0.06048780487804878 0.07612456747404844
0 0.17024390243902443 0.35726643598615915 0.06536585365853659 0.11591695501730104
0 0.17560975609756102 0.5674740484429066 0.054634146341463415 0.06920415224913495
0 0.18243902439024395 0.6807958477508651 0.06048780487804878 0.06747404844290658
0 0.15756097560975613 0.9126297577854672 0.05170731707317073 0.0847750865051903
0 0.0790243902439024 0.9083044982698962 0.04682926829268293 0.10034602076124567
