5 0.47072936660268716 0.45099818511796735 0.3618042226487524 0.2776769509981851
2 0.4750479846449136 0.11070780399274047 0.07485604606525911 0.1161524500907441
2 0.30422264875239924 0.09074410163339383 0.09404990403071017 0.13430127041742287
2 0.06621880998080609 0.5707803992740472 0.07485604606525911 0.12885662431941924
2 0.744721689059501 0.39019963702359345 0.061420345489443376 0.10526315789473684
2 0.8416506717850287 0.7522686025408348 0.1017274472168906 0.16878402903811252
3 0.26055662188099804 0.39019963702359345 0.05662188099808062 0.050816696914700546
3 0.255278310940499 0.43103448275862066 0.053742802303262956 0.04900181488203267
3 0.2476007677543186 0.4727767695099819 0.05566218809980806 0.05989110707803993
3 0.23944337811900196 0.5190562613430127 0.05662188099808062 0.0544464609800363
