0 0.932258064516129 0.2714041095890411 0.06359447004608294 0.13184931506849315
0 0.8423963133640553 0.2594178082191781 0.0663594470046083 0.1284246575342466
0 0.7677419354838709 0.24914383561643835 0.06267281105990784 0.1113013698630137
0 0.6940092165898617 0.2551369863013699 0.06267281105990784 0.13356164383561644
0 0.6170506912442396 0.2568493150684932 0.06175115207373272 0.1267123287671233
0 0.4165898617511521 0.2363013698630137 0.0663594470046083 0.1267123287671233
0 0.25437788018433183 0.22517123287671234 0.06451612903225806 0.11815068493150685
0 0.10599078341013823 0.2054794520547945 0.05898617511520737 0.1267123287671233
0 0.0728110599078341 0.10702054794520548 0.07557603686635944 0.10787671232876712
0 0.8930875576036866 0.8835616438356164 0.06267281105990784 0.0958904109589041
0 0.8161290322580645 0.8527397260273972 0.06359447004608294 0.1267123287671233
0 0.7377880184331798 0.8553082191780822 0.07465437788018434 0.1695205479452055
0 0.6400921658986175 0.8613013698630136 0.07649769585253456 0.16095890410958905
0 0.5368663594470047 0.8476027397260274 0.07465437788018434 0.1678082191780822
0 0.41152073732718897 0.8296232876712328 0.08018433179723503 0.1558219178082192
0 0.32027649769585254 0.8347602739726028 0.07834101382488479 0.16267123287671234
0 0.22027649769585256 0.8261986301369864 0.07557603686635944 0.16267123287671234
0 0.11797235023041475 0.8142123287671232 0.09216589861751152 0.1934931506849315
0 0.04055299539170509 0.7868150684931506 0.04976958525345622 0.09417808219178082
0 0.528110599078341 0.4315068493150685 0.06267281105990784 0.13013698630136986
0 0.5304147465437787 0.6404109589041096 0.06359447004608294 0.0821917808219178
