3 0.7549361207897793 0.5676126878130217 0.0859465737514518 0.08681135225375626
3 0.6747967479674797 0.6519198664440734 0.0859465737514518 0.08514190317195326
3 0.7305458768873403 0.5242070116861436 0.08130081300813008 0.08347245409015025
3 0.648664343786295 0.6101836393989983 0.08246225319396051 0.08848080133555926
3 0.705574912891986 0.48080133555926546 0.08013937282229965 0.08681135225375626
3 0.6248548199767712 0.5642737896494157 0.0859465737514518 0.08347245409015025
3 0.6817653890824622 0.44156928213689484 0.07665505226480836 0.08848080133555926
3 0.5993031358885017 0.5225375626043406 0.08130081300813008 0.09015025041736227
2 0.4349593495934959 0.6928213689482471 0.1521486643437863 0.2036727879799666
2 0.7770034843205575 0.07846410684474124 0.10452961672473868 0.1001669449081803
4 0.7020905923344948 0.25125208681135225 0.10104529616724739 0.11185308848080133
4 0.6480836236933798 0.17612687813021702 0.09059233449477352 0.10517529215358931
