1 0.7900101936799184 0.2264516129032258 0.0326197757390418 0.04774193548387097
1 0.7584097859327217 0.19548387096774195 0.034658511722731905 0.04258064516129032
1 0.7313965341488278 0.23225806451612904 0.03363914373088685 0.04387096774193548
1 0.7655453618756372 0.26387096774193547 0.034658511722731905 0.04258064516129032
1 0.5163098878695209 0.5109677419354839 0.03363914373088685 0.04129032258064516
1 0.42099898063200814 0.46903225806451615 0.0326197757390418 0.04516129032258064
1 0.33944954128440363 0.4367741935483871 0.03669724770642202 0.04774193548387097
1 0.3221202854230377 0.4806451612903226 0.034658511722731905 0.05032258064516129
1 0.15188583078491336 0.6161290322580645 0.0326197757390418 0.05032258064516129
1 0.1309887869520897 0.6619354838709678 0.03160040774719674 0.04645161290322581
1 0.09276248725790015 0.6716129032258065 0.03669724770642202 0.05290322580645161
