3 0.5325991189427313 0.9122541603630863 0.07841409691629955 0.10287443267776097
3 0.5629955947136565 0.7534039334341907 0.0722466960352423 0.0907715582450832
3 0.40132158590308376 0.8101361573373677 0.055506607929515416 0.07413010590015129
3 0.4136563876651982 0.31089258698940997 0.044933920704845816 0.059001512859304085
3 0.3859030837004406 0.3615733736762481 0.04405286343612335 0.06354009077155824
3 0.42995594713656393 0.42208774583963693 0.04405286343612335 0.06656580937972768
3 0.39911894273127757 0.4659606656580938 0.04757709251101322 0.06959152798789713
3 0.37841409691629957 0.527231467473525 0.04669603524229075 0.0680786686838124
3 0.47885462555066083 0.48184568835098335 0.039647577092511016 0.06202723146747353
3 0.4440528634361234 0.5310136157337367 0.05110132158590308 0.06354009077155824
3 0.4224669603524229 0.596822995461422 0.048458149779735685 0.07110438729198185
3 0.4 0.6686838124054463 0.04933920704845815 0.06959152798789713
3 0.49162995594713654 0.5953101361573374 0.05638766519823789 0.07413010590015129
3 0.4740088105726872 0.6739788199697428 0.04933920704845815 0.07110438729198185
3 0.452863436123348 0.7488653555219364 0.04757709251101322 0.06656580937972768
