1 0.7443576388888888 0.10762331838565023 0.049479166666666664 0.07473841554559044
1 0.6818576388888888 0.10762331838565023 0.042534722222222224 0.07473841554559044
1 0.6276041666666667 0.10612855007473841 0.04513888888888889 0.07772795216741404
1 0.5881076388888888 0.10463378176382661 0.04600694444444445 0.07473841554559044
1 0.5477430555555556 0.10164424514200299 0.03993055555555555 0.0687593423019432
1 0.6180555555555556 0.2428998505231689 0.04513888888888889 0.07324364723467862
1 0.5568576388888888 0.24439461883408073 0.049479166666666664 0.07025411061285501
1 0.6809895833333333 0.3393124065769806 0.04774305555555555 0.07174887892376682
1 0.5546875 0.33557548579970103 0.046875 0.07025411061285501
1 0.6176215277777778 0.336322869955157 0.04774305555555555 0.08071748878923767
1 0.7404513888888888 0.4327354260089686 0.041666666666666664 0.07623318385650224
1 0.7026909722222222 0.4319880418535127 0.042534722222222224 0.07174887892376682
1 0.6662326388888888 0.4342301943198804 0.042534722222222224 0.07025411061285501
1 0.5989583333333333 0.4289985052316891 0.050347222222222224 0.07772795216741404
1 0.5451388888888888 0.4289985052316891 0.04861111111111111 0.07473841554559044
1 0.7213541666666667 0.5142002989536621 0.03125 0.05082212257100149
1 0.7222222222222222 0.5575485799701047 0.03125 0.053811659192825115
1 0.6875 0.5149476831091181 0.03298611111111111 0.04932735426008968
1 0.6875 0.5560538116591929 0.03125 0.05082212257100149
1 0.6519097222222222 0.5142002989536621 0.03298611111111111 0.05082212257100149
1 0.6536458333333333 0.5560538116591929 0.034722222222222224 0.05680119581464873
1 0.6041666666666667 0.5321375186846039 0.04861111111111111 0.08071748878923767
1 0.5486111111111112 0.5373692077727952 0.050347222222222224 0.08221225710014948
1 0.6623263888888888 0.6449925261584455 0.05381944444444445 0.08520179372197309
1 0.6592881944444444 0.7436472346786248 0.051215277777777776 0.08221225710014948
1 0.6002604166666667 0.6442451420029895 0.049479166666666664 0.08370702541106129
1 0.5993923611111112 0.7451420029895366 0.049479166666666664 0.08520179372197309
1 0.5494791666666667 0.6412556053811659 0.050347222222222224 0.07772795216741404
1 0.5451388888888888 0.7428998505231689 0.050347222222222224 0.08071748878923767
9 0.7465277777777778 0.7197309417040358 0.046875 0.15994020926756353
9 0.6002604166666667 0.9073243647234679 0.0859375 0.04185351270553064
