0 0.8370846730975349 0.09826589595375723 0.10289389067524116 0.11271676300578035
0 0.8408360128617364 0.23265895953757226 0.10610932475884244 0.11271676300578035
0 0.8440514469453376 0.3684971098265896 0.09967845659163987 0.11271676300578035
0 0.8365487674169346 0.5 0.08467309753483387 0.08092485549132948
0 0.837620578778135 0.638728323699422 0.0932475884244373 0.09826589595375723
0 0.8397642015005359 0.7673410404624278 0.10182207931404073 0.12138728323699421
0 0.8413719185423365 0.903179190751445 0.10503751339764202 0.11849710982658959
0 0.6243301178992497 0.07297687861271676 0.09753483386923902 0.12861271676300579
0 0.630225080385852 0.24927745664739884 0.09003215434083602 0.10838150289017341
0 0.632368703108253 0.4393063583815029 0.09217577706323687 0.1069364161849711
0 0.6312968917470525 0.5953757225433526 0.10289389067524116 0.12427745664739884
0 0.6307609860664523 0.7528901734104047 0.10182207931404073 0.12138728323699421
0 0.6254019292604502 0.9039017341040463 0.0932475884244373 0.11705202312138728
0 0.3713826366559485 0.07153179190751445 0.09967845659163987 0.10838150289017341
0 0.372454448017149 0.23554913294797689 0.0932475884244373 0.10982658959537572
0 0.37299035369774924 0.42485549132947975 0.09646302250803858 0.12138728323699421
0 0.4485530546623794 0.6192196531791907 0.09967845659163987 0.12861271676300579
0 0.3735262593783494 0.7658959537572254 0.10182207931404073 0.11271676300578035
0 0.37084673097534837 0.8952312138728323 0.10289389067524116 0.10838150289017341
0 0.1613076098606645 0.2319364161849711 0.0782422293676313 0.08236994219653179
