8 0.8730314960629921 0.5224719101123596 0.12598425196850394 0.1653290529695024
8 0.7859251968503937 0.4438202247191011 0.10531496062992125 0.1653290529695024
8 0.7057086614173229 0.3611556982343499 0.09645669291338582 0.16693418940609953
8 0.6338582677165354 0.29052969502407705 0.08464566929133858 0.13162118780096307
8 0.5393700787401574 0.15569823434991975 0.07874015748031496 0.22150882825040127
8 0.46259842519685035 0.1653290529695024 0.06496062992125984 0.22150882825040127
8 0.4010826771653543 0.16773675762439808 0.06200787401574803 0.2102728731942215
8 0.34350393700787396 0.17014446227929375 0.0531496062992126 0.20224719101123595
8 0.2923228346456693 0.16853932584269662 0.045275590551181105 0.2086677367576244
8 0.24458661417322836 0.17656500802568217 0.038385826771653545 0.21187800963081863
8 0.1998031496062992 0.17576243980738362 0.03937007874015748 0.21990369181380418
8 0.156988188976378 0.17736757624398075 0.04232283464566929 0.22632423756019263
8 0.2578740157480315 0.34269662921348315 0.16141732283464566 0.0593900481540931
8 0.2071850393700787 0.41412520064205455 0.2588582677165354 0.08346709470304976
8 0.20964566929133854 0.49919743178170145 0.2578740157480315 0.08667736757624397
8 0.202755905511811 0.593900481540931 0.265748031496063 0.08346709470304976
8 0.20374015748031493 0.702247191011236 0.2795275590551181 0.1043338683788122
8 0.20029527559055116 0.819422150882825 0.29429133858267714 0.10112359550561797
