9 0.3647119341563786 0.6357048748353096 0.033950617283950615 0.13043478260869565
1 0.2510288065843621 0.5434782608695652 0.0411522633744856 0.05401844532279315
1 0.19855967078189296 0.5513833992094862 0.04526748971193416 0.05401844532279315
1 0.27314814814814814 0.6725955204216074 0.033950617283950615 0.0461133069828722
1 0.23559670781893005 0.6785243741765481 0.03497942386831276 0.05006587615283267
1 0.19804526748971196 0.6831357048748353 0.0360082304526749 0.048748353096179184
1 0.14866255144032925 0.6930171277997365 0.03806584362139918 0.052700922266139656
1 0.11008230452674894 0.7022397891963109 0.037037037037037035 0.04743083003952569
1 0.04629629629629628 0.7121212121212122 0.03497942386831276 0.05138339920948617
1 0.2777777777777778 0.7200263504611331 0.03497942386831276 0.05138339920948617
1 0.23816872427983538 0.7285902503293807 0.0360082304526749 0.04743083003952569
1 0.19958847736625518 0.7364953886693018 0.03497942386831276 0.04479578392621871
1 0.15020576131687247 0.7450592885375494 0.037037037037037035 0.0461133069828722
1 0.11265432098765427 0.7483530961791831 0.0360082304526749 0.052700922266139656
1 0.04989711934156382 0.7674571805006588 0.03806584362139918 0.05138339920948617
1 0.2803497942386831 0.7700922266139657 0.0360082304526749 0.048748353096179184
1 0.24279835390946503 0.7793148880105402 0.03909465020576132 0.048748353096179184
1 0.20421810699588472 0.7852437417654808 0.0360082304526749 0.04479578392621871
1 0.15226337448559668 0.7924901185770751 0.03497942386831276 0.05138339920948617
1 0.1152263374485597 0.8017127799736495 0.03497942386831276 0.05401844532279315
1 0.04166666666666663 0.8326745718050066 0.040123456790123455 0.05533596837944664
1 0.2690329218106996 0.8445322793148881 0.04835390946502058 0.07114624505928854
1 0.21502057613168724 0.8537549407114624 0.04938271604938271 0.07378129117259552
1 0.15895061728395066 0.8662714097496707 0.050411522633744855 0.06719367588932806
1 0.10802469135802473 0.8735177865612648 0.047325102880658436 0.06587615283267458
1 0.044238683127572065 0.8978919631093544 0.03909465020576132 0.05665349143610013
1 0.27469135802469136 0.9137022397891963 0.04526748971193416 0.06982872200263504
1 0.2217078189300411 0.9262187088274044 0.050411522633744855 0.06587615283267458
1 0.1620370370370371 0.9367588932806324 0.050411522633744855 0.06587615283267458
1 0.10956790123456794 0.9479578392621871 0.050411522633744855 0.06719367588932806
1 0.04681069958847739 0.9710144927536232 0.04218106995884774 0.052700922266139656
