6 0.6647780925401322 0.3569384835479256 0.0339943342776204 0.06437768240343347
6 0.6166194523135033 0.22317596566523606 0.0339943342776204 0.0715307582260372
6 0.7313503305004722 0.8297567954220315 0.044381491973559964 0.05436337625178827
6 0.24929178470254953 0.8655221745350501 0.047214353163361665 0.05722460658082976
6 0.1964117091595845 0.8969957081545065 0.049102927289896126 0.045779685264663805
6 0.4060434372049103 0.11301859799713877 0.0453257790368272 0.04005722460658083
6 0.4197355996222851 0.18669527896995708 0.036827195467422094 0.03862660944206009
6 0.4485363550519358 0.21030042918454936 0.04154863078375826 0.04291845493562232
6 0.4612842304060434 0.2396280400572246 0.036827195467422094 0.03862660944206009
6 0.4697828139754485 0.2732474964234621 0.04060434372049103 0.045779685264663805
6 0.4867799811142587 0.3061516452074392 0.04627006610009443 0.05150214592274678
6 0.4981114258734656 0.34120171673819744 0.03871576959395656 0.04721030042918455
6 0.509915014164306 0.37839771101573677 0.039660056657223795 0.04721030042918455
6 0.5193578847969783 0.40987124463519314 0.03777148253068933 0.04721030042918455
6 0.4754485363550519 0.4313304721030043 0.04627006610009443 0.05293276108726753
6 0.48347497639282344 0.4678111587982833 0.039660056657223795 0.045779685264663805
6 0.5391879131255901 0.47353361945636624 0.04154863078375826 0.05150214592274678
6 0.49763928234183197 0.5028612303290415 0.04343720491029273 0.05293276108726753
6 0.708215297450425 0.47138769670958514 0.03777148253068933 0.06723891273247497
6 0.8243626062322946 0.7746781115879828 0.030217186024551465 0.06151645207439199
6 0.16147308781869685 0.7625178826895566 0.05099150141643059 0.04864091559370529
