0 0.8725961538461539 0.6878172588832487 0.058653846153846154 0.08967851099830795
0 0.8817307692307692 0.9247038917089678 0.06923076923076923 0.09306260575296109
0 0.7884615384615384 0.6996615905245347 0.06153846153846154 0.10321489001692047
0 0.7 0.6793570219966159 0.05384615384615385 0.09983079526226735
0 0.7817307692307692 0.42047377326565144 0.04807692307692308 0.08629441624365482
0 0.7038461538461538 0.3392554991539763 0.05576923076923077 0.09306260575296109
0 0.5971153846153846 0.1793570219966159 0.04807692307692308 0.07445008460236886
0 0.39375000000000004 0.07698815566835872 0.0625 0.07952622673434856
0 0.4043269230769231 0.2817258883248731 0.06634615384615385 0.09306260575296109
0 0.30673076923076925 0.34348561759729274 0.046153846153846156 0.08798646362098139
0 0.20673076923076927 0.31810490693739424 0.05576923076923077 0.09475465313028765
0 0.26875000000000004 0.6463620981387479 0.06442307692307692 0.1116751269035533
0 0.06778846153846152 0.43993231810490696 0.058653846153846154 0.09137055837563451
0 0.08798076923076925 0.5592216582064298 0.06634615384615385 0.08967851099830795
