3 0.8988877654196158 0.36185383244206776 0.03842264914054601 0.12477718360071301
3 0.8518705763397372 0.375222816399287 0.05156723963599596 0.12299465240641712
3 0.794236602628918 0.3859180035650624 0.055611729019211326 0.11942959001782531
3 0.7477249747219414 0.393048128342246 0.05156723963599596 0.12299465240641712
3 0.69211324570273 0.4001782531194296 0.04954499494438827 0.11942959001782531
3 0.6456016177957533 0.40641711229946526 0.05358948432760364 0.11764705882352941
3 0.5879676440849343 0.4206773618538324 0.047522750252780584 0.11764705882352941
3 0.5414560161779576 0.428698752228164 0.05156723963599596 0.11942959001782531
3 0.4767441860465116 0.4358288770053476 0.04954499494438827 0.12299465240641712
3 0.42618806875631954 0.4474153297682709 0.05156723963599596 0.12121212121212122
3 0.3690596562184024 0.4554367201426025 0.046511627906976744 0.1265597147950089
3 0.31850353892821026 0.4625668449197861 0.04853387259858443 0.1265597147950089
3 0.26086956521739135 0.47058823529411764 0.046511627906976744 0.1319073083778966
3 0.3690596562184024 0.6773618538324421 0.046511627906976744 0.1497326203208556
3 0.31698685540950455 0.6898395721925134 0.047522750252780584 0.1497326203208556
3 0.2558139534883721 0.6951871657754011 0.05055611729019211 0.1497326203208556
3 0.20424671385237614 0.7058823529411765 0.05055611729019211 0.14260249554367202
