3 0.7644584647739222 0.16750418760469013 0.10725552050473186 0.06700167504187604
3 0.768664563617245 0.24874371859296482 0.11146161934805468 0.06532663316582915
3 0.7723449001051524 0.3232830820770519 0.11251314405888538 0.06030150753768844
3 0.7786540483701367 0.40703517587939697 0.1167192429022082 0.06700167504187604
3 0.613564668769716 0.16080402010050251 0.10620399579390116 0.06030150753768844
3 0.6125131440588854 0.23869346733668342 0.11251314405888538 0.06532663316582915
3 0.61198738170347 0.314070351758794 0.11777076761303891 0.06867671691792294
3 0.61198738170347 0.3969849246231156 0.11987381703470032 0.07705192629815745
3 0.46109358569926395 0.15326633165829145 0.11041009463722397 0.06197654941373534
3 0.4563617245005258 0.22529313232830822 0.11356466876971609 0.06197654941373534
3 0.4532071503680336 0.3073701842546064 0.11356466876971609 0.07202680067001675
3 0.45057833859095686 0.3844221105527638 0.11461619348054679 0.06867671691792294
3 0.31072555205047314 0.1490787269681742 0.11251314405888538 0.06365159128978225
3 0.3028391167192429 0.2219430485762144 0.11356466876971609 0.06197654941373534
3 0.29390115667718186 0.29731993299832493 0.11882229232386961 0.06867671691792294
3 0.286540483701367 0.3760469011725293 0.12092534174553102 0.07537688442211055
