0 0.8594594594594595 0.3490853658536585 0.10270270270270271 0.13109756097560976
0 0.681081081081081 0.34375 0.08648648648648649 0.10518292682926829
0 0.5554054054054054 0.34375 0.08648648648648649 0.10823170731707317
0 0.4547297297297297 0.3445121951219512 0.07972972972972973 0.08841463414634146
0 0.35608108108108105 0.3429878048780488 0.07702702702702703 0.07926829268292683
0 0.11689189189189186 0.3429878048780488 0.08783783783783784 0.09451219512195122
0 0.9114864864864864 0.6996951219512195 0.10405405405405406 0.12804878048780488
0 0.7405405405405405 0.71875 0.13513513513513514 0.1600609756097561
0 0.5925675675675676 0.7088414634146342 0.10675675675675676 0.13719512195121952
0 0.4547297297297297 0.7164634146341463 0.10675675675675676 0.14634146341463414
0 0.1702702702702703 0.7157012195121951 0.07297297297297298 0.09603658536585366
