9 0.15953109072375127 0.4011627906976744 0.09683995922528033 0.05555555555555555
9 0.6472986748216105 0.5239018087855297 0.02854230377166157 0.09431524547803617
1 0.8277268093781855 0.26744186046511625 0.040774719673802244 0.05167958656330749
1 0.8318042813455657 0.31007751937984496 0.03058103975535168 0.03875968992248062
1 0.8328236493374108 0.35271317829457366 0.03058103975535168 0.03875968992248062
1 0.7859327217125383 0.3049095607235142 0.0509683995922528 0.06976744186046512
1 0.7349643221202854 0.3062015503875969 0.053007135575942915 0.06976744186046512
1 0.7900101936799184 0.3708010335917313 0.053007135575942915 0.06718346253229975
1 0.7385321100917431 0.3733850129198966 0.05606523955147808 0.06976744186046512
1 0.8399592252803262 0.4347545219638243 0.026503567787971458 0.037467700258397935
1 0.8160040774719673 0.43669250645994834 0.027522935779816515 0.04392764857881137
1 0.7930682976554536 0.4392764857881137 0.02854230377166157 0.041343669250646
1 0.7696228338430173 0.4405684754521964 0.026503567787971458 0.041343669250646
1 0.746177370030581 0.44315245478036175 0.026503567787971458 0.041343669250646
1 0.7212028542303772 0.4437984496124031 0.027522935779816515 0.04521963824289406
