1 0.7433449074074074 0.23243801652892562 0.03993055555555555 0.06818181818181818
1 0.6996527777777778 0.2308884297520661 0.041666666666666664 0.07128099173553719
1 0.6331018518518519 0.23450413223140495 0.041666666666666664 0.07231404958677685
1 0.6351273148148149 0.3052685950413223 0.03761574074074074 0.07128099173553719
1 0.5671296296296297 0.15495867768595042 0.04513888888888889 0.0743801652892562
1 0.5700231481481481 0.23450413223140495 0.04282407407407408 0.07231404958677685
1 0.5827546296296297 0.30836776859504134 0.041666666666666664 0.07128099173553719
1 0.4936342592592593 0.1441115702479339 0.047453703703703706 0.07747933884297521
1 0.4927662037037037 0.22417355371900827 0.045717592592592594 0.0743801652892562
1 0.4950810185185185 0.3052685950413223 0.046875 0.07747933884297521
1 0.42303240740740744 0.14359504132231404 0.04513888888888889 0.08057851239669421
1 0.4233217592592593 0.22262396694214875 0.045717592592592594 0.07747933884297521
1 0.42447916666666663 0.30733471074380164 0.046875 0.08161157024793389
1 0.34751157407407407 0.14514462809917356 0.046875 0.07747933884297521
1 0.34635416666666663 0.22572314049586778 0.046875 0.07747933884297521
1 0.34606481481481477 0.30733471074380164 0.046296296296296294 0.07954545454545454
1 0.2896412037037037 0.13068181818181818 0.03761574074074074 0.060950413223140494
1 0.2876157407407407 0.1890495867768595 0.03819444444444445 0.06198347107438017
1 0.7392939814814814 0.5800619834710744 0.048032407407407406 0.08574380165289257
1 0.7390046296296297 0.6596074380165289 0.04861111111111111 0.07747933884297521
1 0.6840277777777778 0.5826446280991735 0.04861111111111111 0.08057851239669421
1 0.6831597222222222 0.6585743801652892 0.046875 0.07747933884297521
1 0.8382523148148149 0.7768595041322314 0.05150462962962963 0.08884297520661157
1 0.830150462962963 0.8584710743801653 0.046875 0.08677685950413223
1 0.7916666666666666 0.7737603305785123 0.04513888888888889 0.08884297520661157
1 0.7879050925925926 0.875 0.041087962962962965 0.0743801652892562
1 0.7586805555555556 0.8290289256198347 0.03819444444444445 0.07128099173553719
1 0.712962962962963 0.7763429752066116 0.041666666666666664 0.07128099173553719
1 0.6892361111111112 0.8305785123966942 0.034722222222222224 0.06198347107438017
1 0.7132523148148149 0.8744834710743802 0.045717592592592594 0.07541322314049587
1 0.630787037037037 0.7861570247933884 0.05092592592592592 0.08264462809917356
1 0.6310763888888888 0.8667355371900827 0.050347222222222224 0.08264462809917356
1 0.5729166666666667 0.7794421487603306 0.04513888888888889 0.07747933884297521
1 0.5752314814814814 0.862603305785124 0.046296296296296294 0.08057851239669421
1 0.5190972222222222 0.815599173553719 0.05555555555555555 0.07954545454545454
1 0.5714699074074074 0.4230371900826446 0.046875 0.08367768595041322
1 0.5717592592592593 0.506198347107438 0.047453703703703706 0.08057851239669421
1 0.5691550925925926 0.5878099173553719 0.05150462962962963 0.08264462809917356
1 0.5700231481481481 0.6601239669421488 0.04398148148148148 0.06818181818181818
1 0.4921875 0.42665289256198347 0.050347222222222224 0.07851239669421488
1 0.49594907407407407 0.5072314049586777 0.04861111111111111 0.08264462809917356
1 0.49247685185185186 0.5867768595041323 0.04513888888888889 0.08057851239669421
1 0.49537037037037035 0.6652892561983471 0.04282407407407408 0.07024793388429752
1 0.4224537037037037 0.4256198347107438 0.04976851851851852 0.08057851239669421
1 0.4227430555555556 0.506198347107438 0.046875 0.08057851239669421
1 0.3365162037037037 0.43285123966942146 0.04456018518518518 0.07851239669421488
