6 0.9272474513438369 0.17185289957567185 0.04911955514365153 0.03818953323903819
6 0.6065801668211307 0.5601131541725601 0.025023169601482854 0.0876944837340877
6 0.7284522706209453 0.847949080622348 0.05560704355885079 0.03536067892503536
6 0.6566265060240963 0.8422913719943423 0.047265987025023166 0.03536067892503536
6 0.4054680259499537 0.8401697312588402 0.04355885078776645 0.036775106082036775
6 0.3456904541241891 0.8380480905233381 0.051899907321594066 0.03818953323903819
6 0.30074142724745134 0.7213578500707214 0.04355885078776645 0.033946251768033946
6 0.15291936978683962 0.7065063649222065 0.04633920296570899 0.03536067892503536
6 0.0987025023169601 0.7022630834512023 0.04911955514365153 0.03253182461103253
6 0.35912882298424464 0.7291371994342292 0.04911955514365153 0.03253182461103253
6 0.7965708989805376 0.8500707213578501 0.05097312326227989 0.033946251768033946
