9 0.8780864197530864 0.21169354838709678 0.09979423868312758 0.04704301075268817
9 0.2767489711934157 0.7520161290322581 0.037037037037037035 0.15994623655913978
9 0.10545267489711929 0.6384408602150538 0.04835390946502058 0.12903225806451613
1 0.7253086419753086 0.5725806451612904 0.037037037037037035 0.04838709677419355
1 0.6846707818930041 0.6202956989247311 0.046296296296296294 0.05779569892473118
1 0.691358024691358 0.5268817204301075 0.037037037037037035 0.051075268817204304
1 0.6522633744855967 0.5752688172043011 0.03909465020576132 0.051075268817204304
1 0.6568930041152263 0.4778225806451613 0.03806584362139918 0.05241935483870968
1 0.6167695473251029 0.5268817204301075 0.040123456790123455 0.04838709677419355
1 0.625 0.4321236559139785 0.03806584362139918 0.05241935483870968
1 0.5848765432098766 0.48051075268817206 0.03806584362139918 0.04973118279569892
1 0.5869341563786008 0.3702956989247312 0.03189300411522634 0.04973118279569892
1 0.5555555555555556 0.40793010752688175 0.03497942386831276 0.04704301075268817
1 0.5169753086419753 0.3635752688172043 0.033950617283950615 0.04435483870967742
1 0.4809670781893004 0.16532258064516128 0.027777777777777776 0.03763440860215054
1 0.38168724279835387 0.17809139784946237 0.03497942386831276 0.05241935483870968
1 0.3564814814814815 0.14516129032258066 0.0360082304526749 0.0456989247311828
1 0.3245884773662552 0.20026881720430106 0.033950617283950615 0.0456989247311828
