6 0.06146788990825691 0.7271448663853727 0.029357798165137616 0.05907172995780591
6 0.11009174311926606 0.5822784810126582 0.03486238532110092 0.06751054852320675
6 0.16926605504587156 0.43248945147679324 0.03211009174311927 0.06610407876230662
6 0.7573394495412844 0.2559774964838256 0.043119266055045874 0.05907172995780591
6 0.884862385321101 0.8741209563994374 0.044954128440366975 0.06891701828410689
6 0.6509174311926605 0.12658227848101267 0.03944954128440367 0.053445850914205346
6 0.25412844036697246 0.20042194092827004 0.03486238532110092 0.052039381153305204
6 0.2215596330275229 0.2918424753867792 0.03394495412844037 0.05485232067510549
6 0.1944954128440367 0.360056258790436 0.03302752293577982 0.06188466947960619
6 0.08165137614678897 0.6617440225035162 0.03669724770642202 0.06047819971870605
