1 0.9454085321764281 0.14590964590964592 0.046999276934201015 0.07692307692307693
1 0.9464931308749096 0.26312576312576313 0.049168474331164135 0.08424908424908426
1 0.9461315979754158 0.3492063492063492 0.05133767172812726 0.08302808302808302
1 0.8994938539407086 0.1446886446886447 0.05061460592913955 0.08180708180708181
1 0.9016630513376718 0.2673992673992674 0.052060737527114966 0.08547008547008547
1 0.8987707881417208 0.34554334554334554 0.05061460592913955 0.08547008547008547
1 0.8553868402024585 0.14774114774114774 0.05061460592913955 0.08791208791208792
1 0.8532176428054953 0.26373626373626374 0.04772234273318872 0.08302808302808302
1 0.853940708604483 0.3431013431013431 0.052060737527114966 0.08547008547008547
1 0.8076644974692697 0.14957264957264957 0.05350686912509038 0.08669108669108669
1 0.8080260303687635 0.26373626373626374 0.05133767172812726 0.08058608058608059
1 0.8073029645697758 0.3431013431013431 0.05133767172812726 0.08058608058608059
1 0.7190889370932755 0.14407814407814407 0.049891540130151846 0.07814407814407814
1 0.7183658712942878 0.2258852258852259 0.049891540130151846 0.08547008547008547
1 0.7208966015907448 0.3302808302808303 0.05061460592913955 0.07936507936507936
1 0.7187274041937817 0.40964590964590963 0.049168474331164135 0.08180708180708181
1 0.6699204627621114 0.1452991452991453 0.05133767172812726 0.07814407814407814
1 0.6702819956616052 0.22344322344322345 0.052060737527114966 0.0757020757020757
1 0.6695589298626174 0.3327228327228327 0.05350686912509038 0.07692307692307693
1 0.6717281272595806 0.409035409035409 0.049168474331164135 0.08547008547008547
1 0.5939985538684021 0.14774114774114774 0.05133767172812726 0.0757020757020757
1 0.591467823571945 0.2216117216117216 0.052060737527114966 0.07692307692307693
1 0.591829356471439 0.34676434676434675 0.05133767172812726 0.0757020757020757
1 0.591829356471439 0.4249084249084249 0.05278380332610268 0.08302808302808302
1 0.5455531453362257 0.1446886446886447 0.04844540853217643 0.07692307692307693
1 0.5455531453362257 0.22283272283272285 0.04844540853217643 0.08424908424908426
1 0.5455531453362257 0.34676434676434675 0.04844540853217643 0.08302808302808302
1 0.5455531453362257 0.42246642246642246 0.04844540853217643 0.08302808302808302
1 0.45986984815618226 0.14590964590964592 0.052060737527114966 0.07692307692307693
1 0.45986984815618226 0.22893772893772893 0.052060737527114966 0.09157509157509157
1 0.45986984815618226 0.3778998778998779 0.052060737527114966 0.08180708180708181
1 0.45986984815618226 0.4554334554334554 0.052060737527114966 0.08058608058608059
1 0.41323210412147504 0.14713064713064714 0.049891540130151846 0.07936507936507936
1 0.41323210412147504 0.2264957264957265 0.049891540130151846 0.08180708180708181
1 0.41323210412147504 0.3711843711843712 0.049891540130151846 0.08302808302808302
1 0.41323210412147504 0.4548229548229548 0.049891540130151846 0.09401709401709402
1 0.3684020245842372 0.14590964590964592 0.046999276934201015 0.08180708180708181
1 0.36984815618221256 0.2271062271062271 0.0455531453362256 0.08058608058608059
1 0.3264642082429501 0.1446886446886447 0.0455531453362256 0.07936507936507936
1 0.3264642082429501 0.2216117216117216 0.0455531453362256 0.07692307692307693
1 0.3264642082429501 0.32967032967032966 0.0455531453362256 0.08058608058608059
1 0.3264642082429501 0.4072039072039072 0.0455531453362256 0.08180708180708181
1 0.3264642082429501 0.4884004884004884 0.0455531453362256 0.08302808302808302
1 0.2783803326102675 0.14285714285714285 0.052060737527114966 0.0757020757020757
1 0.2783803326102675 0.2216117216117216 0.052060737527114966 0.07692307692307693
1 0.2783803326102675 0.32967032967032966 0.052060737527114966 0.08058608058608059
1 0.2783803326102675 0.4072039072039072 0.052060737527114966 0.08180708180708181
1 0.2783803326102675 0.4884004884004884 0.052060737527114966 0.08302808302808302
1 0.19920462762111357 0.14285714285714285 0.05133767172812726 0.0757020757020757
1 0.19920462762111357 0.24847374847374848 0.05133767172812726 0.07936507936507936
1 0.19920462762111357 0.43833943833943834 0.05133767172812726 0.08058608058608059
1 0.19920462762111357 0.5073260073260073 0.05133767172812726 0.07692307692307693
1 0.15220535068691254 0.14285714285714285 0.049891540130151846 0.0757020757020757
1 0.15220535068691254 0.24847374847374848 0.049891540130151846 0.07936507936507936
1 0.15220535068691254 0.43833943833943834 0.049891540130151846 0.08058608058608059
1 0.15220535068691254 0.5073260073260073 0.049891540130151846 0.07692307692307693
1 0.10520607375271152 0.14285714285714285 0.049891540130151846 0.0757020757020757
1 0.10520607375271152 0.24847374847374848 0.049891540130151846 0.07936507936507936
1 0.10520607375271152 0.43833943833943834 0.049891540130151846 0.08058608058608059
1 0.10520607375271152 0.5073260073260073 0.049891540130151846 0.07692307692307693
1 0.05820679681851049 0.14041514041514042 0.05278380332610268 0.08058608058608059
1 0.05929139551699203 0.24786324786324787 0.05061460592913955 0.09035409035409035
1 0.05929139551699203 0.4358974358974359 0.04772234273318872 0.0757020757020757
