1 0.927662037037037 0.580739299610895 0.03935185185185185 0.058365758754863814
1 0.9265046296296297 0.6556420233463035 0.04861111111111111 0.07392996108949416
1 0.9250578703703703 0.7665369649805448 0.045717592592592594 0.07198443579766536
1 0.9250578703703703 0.85068093385214 0.048032407407407406 0.07295719844357977
1 0.8625578703703703 0.7096303501945526 0.045717592592592594 0.07101167315175097
1 0.8640046296296297 0.7835603112840467 0.04513888888888889 0.07295719844357977
1 0.8625578703703703 0.8608949416342413 0.04918981481481482 0.07003891050583658
1 0.8052662037037037 0.7037937743190662 0.045717592592592594 0.07490272373540856
1 0.8052662037037037 0.7816147859922179 0.048032407407407406 0.07295719844357977
1 0.7395833333333333 0.7047665369649806 0.04861111111111111 0.07879377431906615
1 0.7378472222222222 0.7830739299610895 0.04861111111111111 0.08171206225680934
1 0.7381365740740741 0.8818093385214008 0.050347222222222224 0.07684824902723736
1 0.6866319444444444 0.7003891050583657 0.046875 0.07587548638132295
1 0.6872106481481481 0.7811284046692607 0.048032407407407406 0.07782101167315175
1 0.6255787037037037 0.691147859922179 0.04282407407407408 0.061284046692607
1 0.6238425925925926 0.7563229571984436 0.04050925925925926 0.0632295719844358
1 0.622974537037037 0.8346303501945526 0.041087962962962965 0.06420233463035019
1 0.622974537037037 0.9007782101167315 0.041087962962962965 0.0622568093385214
1 0.5824652777777778 0.688715953307393 0.03993055555555555 0.06420233463035019
1 0.583912037037037 0.7563229571984436 0.04050925925925926 0.05933852140077821
1 0.5804398148148149 0.8292801556420234 0.03935185185185185 0.057392996108949414
1 0.5813078703703703 0.8998054474708171 0.041087962962962965 0.06420233463035019
1 0.5196759259259259 0.7018482490272373 0.03935185185185185 0.061284046692607
1 0.47974537037037035 0.7042801556420234 0.037037037037037035 0.06420233463035019
1 0.5179398148148149 0.8010700389105059 0.04398148148148148 0.07879377431906615
1 0.5280671296296297 0.8925097276264592 0.043402777777777776 0.06712062256809338
1 0.48032407407407407 0.8925097276264592 0.04513888888888889 0.07295719844357977
1 0.5005787037037037 0.45038910505836577 0.04398148148148148 0.07003891050583658
1 0.45543981481481477 0.47568093385214005 0.04398148148148148 0.07003891050583658
1 0.3990162037037037 0.4688715953307393 0.045717592592592594 0.07782101167315175
1 0.35329861111111116 0.4698443579766537 0.046875 0.07587548638132295
1 0.4262152777777778 0.32003891050583655 0.043402777777777776 0.0622568093385214
1 0.35561342592592593 0.3535992217898833 0.041087962962962965 0.05933852140077821
1 0.2977430555555556 0.28842412451361865 0.043402777777777776 0.06712062256809338
1 0.2557870370370371 0.3142023346303502 0.032407407407407406 0.06031128404669261
1 0.26822916666666663 0.36040856031128404 0.036458333333333336 0.05544747081712062
1 0.2236689814814815 0.3560311284046693 0.041087962962962965 0.06420233463035019
1 0.39380787037037035 0.6809338521400778 0.04456018518518518 0.07587548638132295
1 0.42418981481481477 0.7898832684824902 0.03935185185185185 0.05642023346303502
1 0.42650462962962965 0.8409533073929961 0.034722222222222224 0.057392996108949414
1 0.42418981481481477 0.8925097276264592 0.03935185185185185 0.061284046692607
1 0.37905092592592593 0.7850194552529183 0.03587962962962963 0.058365758754863814
1 0.3799189814814815 0.8433852140077821 0.03761574074074074 0.05252918287937743
1 0.3799189814814815 0.8900778210116731 0.03761574074074074 0.05252918287937743
1 0.32581018518518523 0.7908560311284046 0.04513888888888889 0.07003891050583658
1 0.3260995370370371 0.8608949416342413 0.04456018518518518 0.06420233463035019
1 0.2725694444444444 0.7908560311284046 0.03819444444444445 0.058365758754863814
1 0.2748842592592593 0.857976653696498 0.03935185185185185 0.058365758754863814
1 0.2167245370370371 0.8278210116731517 0.045717592592592594 0.07392996108949416
1 0.15740740740740744 0.7821011673151751 0.03819444444444445 0.05252918287937743
1 0.1591435185185185 0.8375486381322957 0.034722222222222224 0.058365758754863814
1 0.11516203703703709 0.7757782101167315 0.04282407407407408 0.05544747081712062
1 0.11631944444444442 0.8263618677042801 0.041666666666666664 0.0632295719844358
1 0.0688657407407407 0.808852140077821 0.03819444444444445 0.05933852140077821
1 0.03356481481481477 0.7757782101167315 0.03935185185185185 0.061284046692607
9 0.7106481481481481 0.3458171206225681 0.056712962962962965 0.10797665369649806
9 0.544849537037037 0.11867704280155641 0.06539351851851852 0.1245136186770428
1 0.3842592592592593 0.2602140077821012 0.03935185185185185 0.0632295719844358
