8 0.6492740471869328 0.09090909090909091 0.09346642468239565 0.07547169811320754
8 0.544010889292196 0.09948542024013722 0.11705989110707804 0.07204116638078903
8 0.6547186932849365 0.19897084048027444 0.11161524500907441 0.07547169811320754
8 0.5313067150635209 0.17409948542024015 0.1424682395644283 0.09090909090909091
8 0.6628856624319419 0.32675814751286447 0.11887477313974591 0.07375643224699828
8 0.5036297640653358 0.3027444253859348 0.17604355716878403 0.07718696397941681
8 0.6510889292196007 0.444253859348199 0.14065335753176045 0.07204116638078903
8 0.48094373865698725 0.4399656946826758 0.11252268602540835 0.08404802744425385
8 0.5970961887477314 0.5694682675814752 0.2014519056261343 0.051457975986277875
8 0.5553539019963702 0.6689536878216124 0.13611615245009073 0.06174957118353345
8 0.3688747731397459 0.45969125214408235 0.06261343012704174 0.12006861063464837
8 0.4587114337568058 0.7049742710120068 0.05535390199637023 0.14065180102915953
