0 0.9494047619047619 0.3411764705882353 0.04846938775510204 0.1450980392156863
0 0.8341836734693877 0.3362745098039216 0.04591836734693878 0.12745098039215685
0 0.7716836734693877 0.3362745098039216 0.06887755102040816 0.1588235294117647
0 0.6981292517006803 0.33431372549019606 0.05102040816326531 0.11960784313725491
0 0.5314625850340136 0.296078431372549 0.05782312925170068 0.13725490196078433
0 0.32397959183673475 0.2911764705882353 0.05952380952380952 0.13529411764705881
0 0.10629251700680276 0.25392156862745097 0.047619047619047616 0.12352941176470589
0 0.10969387755102045 0.07450980392156863 0.0663265306122449 0.10196078431372549
0 0.9426020408163265 0.6666666666666666 0.05357142857142857 0.14901960784313725
0 0.7546768707482994 0.6333333333333333 0.058673469387755105 0.1450980392156863
0 0.6828231292517006 0.6264705882352941 0.047619047619047616 0.1392156862745098
0 0.5102040816326531 0.6 0.05782312925170068 0.14901960784313725
0 0.4323979591836735 0.5872549019607843 0.058673469387755105 0.14705882352941177
0 0.3499149659863946 0.7196078431372549 0.055272108843537414 0.12941176470588237
0 0.21641156462585032 0.7794117647058824 0.06717687074829932 0.11176470588235295
0 0.13137755102040816 0.5627450980392157 0.05697278911564626 0.1450980392156863
0 0.062074829931972775 0.5519607843137255 0.05782312925170068 0.1588235294117647
