9 0.5045180722891567 0.37680115273775217 0.071285140562249 0.09654178674351585
9 0.196285140562249 0.27593659942363113 0.06927710843373494 0.04755043227665706
9 0.8353413654618473 0.4257925072046109 0.07630522088353414 0.07060518731988473
9 0.9422690763052208 0.7788184438040345 0.06726907630522089 0.03314121037463977
1 0.7439759036144578 0.13472622478386168 0.05622489959839357 0.08213256484149856
1 0.6977911646586346 0.16570605187319884 0.05622489959839357 0.08069164265129683
1 0.8629518072289156 0.7240634005763689 0.035140562248995984 0.05043227665706052
1 0.8268072289156627 0.7247838616714697 0.03714859437751004 0.05475504322766571
1 0.7911646586345382 0.723342939481268 0.03614457831325301 0.05187319884726225
1 0.7560240963855421 0.7247838616714697 0.03614457831325301 0.05475504322766571
1 0.8493975903614458 0.7860230547550432 0.040160642570281124 0.05043227665706052
1 0.8132530120481928 0.7838616714697406 0.03815261044176707 0.05475504322766571
1 0.7766064257028112 0.7867435158501441 0.03714859437751004 0.05475504322766571
1 0.7409638554216867 0.7867435158501441 0.03815261044176707 0.05187319884726225
1 0.7911646586345382 0.8443804034582133 0.03815261044176707 0.04899135446685879
1 0.7474899598393574 0.8494236311239193 0.04116465863453815 0.059077809798270896
1 0.7916666666666666 0.8962536023054755 0.03714859437751004 0.05763688760806916
1 0.7474899598393574 0.904178674351585 0.03714859437751004 0.05043227665706052
1 0.9282128514056225 0.9546109510086456 0.03714859437751004 0.056195965417867436
