8 0.8246003552397869 0.5682624113475178 0.130550621669627 0.18617021276595744
8 0.8681172291296625 0.6985815602836879 0.13765541740674955 0.18085106382978725
8 0.5470692717584369 0.16932624113475178 0.07460035523978685 0.13652482269503546
8 0.44671403197158077 0.1702127659574468 0.0586145648312611 0.15602836879432624
8 0.3534635879218473 0.1622340425531915 0.0586145648312611 0.16134751773049646
8 0.2757548845470693 0.14450354609929078 0.06660746003552398 0.16134751773049646
8 0.2038188277087034 0.13120567375886524 0.0630550621669627 0.1524822695035461
8 0.15097690941385433 0.11081560283687943 0.047957371225577264 0.16843971631205673
8 0.23312611012433393 0.5780141843971631 0.05772646536412078 0.20567375886524822
8 0.12033747779751336 0.4734042553191489 0.09502664298401421 0.08865248226950355
8 0.11678507992895204 0.6187943262411347 0.1341030195381883 0.08865248226950355
