3 0.7436708860759493 0.2206896551724138 0.056962025316455694 0.11724137931034483
3 0.6951476793248945 0.20603448275862069 0.05907172995780591 0.11206896551724138
3 0.6466244725738397 0.1870689655172414 0.06118143459915612 0.11551724137931034
3 0.5654008438818565 0.2439655172413793 0.06329113924050633 0.11896551724137931
3 0.5168776371308017 0.225 0.05907172995780591 0.11551724137931034
3 0.4324894514767933 0.2853448275862069 0.06540084388185655 0.12241379310344827
3 0.38607594936708856 0.2681034482758621 0.06751054852320675 0.11896551724137931
3 0.7848101265822784 0.44051724137931036 0.06118143459915612 0.12931034482758622
3 0.7336497890295359 0.41982758620689653 0.060126582278481014 0.12586206896551724
3 0.6824894514767932 0.4025862068965517 0.05907172995780591 0.12586206896551724
3 0.5970464135021096 0.4663793103448276 0.06118143459915612 0.13275862068965516
3 0.5458860759493671 0.4482758620689655 0.06434599156118144 0.12758620689655173
3 0.4567510548523207 0.5112068965517241 0.06962025316455696 0.13275862068965516
3 0.4061181434599156 0.49137931034482757 0.06962025316455696 0.13448275862068965
3 0.3560126582278481 0.4698275862068966 0.07278481012658228 0.13275862068965516
3 0.4055907172995781 0.7620689655172413 0.07278481012658228 0.15172413793103448
3 0.35232067510548526 0.7387931034482759 0.07172995780590717 0.15
3 0.29957805907172996 0.7163793103448276 0.07383966244725738 0.15
