5 0.7783735478105451 0.4808970099667774 0.3735478105451296 0.41029900332225916
3 0.5259159964253798 0.4958471760797342 0.06881143878462913 0.07807308970099668
3 0.5352993744414656 0.5473421926910299 0.06255585344057193 0.07142857142857142
3 0.5437890974084003 0.5980066445182725 0.06344950848972297 0.07308970099667775
3 0.5540661304736372 0.6503322259136213 0.06613047363717604 0.07475083056478406
3 0.565236818588025 0.7018272425249169 0.06702412868632708 0.07475083056478406
2 0.4115281501340483 0.07807308970099668 0.08847184986595175 0.1362126245847176
2 0.4226988382484361 0.8446843853820598 0.08579088471849866 0.1345514950166113
2 0.1416443252904379 0.1270764119601329 0.07238605898123325 0.09800664451827243
2 0.09338695263628238 0.8073089700996677 0.10991957104557641 0.1760797342192691
