0 0.9 0.8801587301587301 0.09803921568627451 0.1253968253968254
0 0.732843137254902 0.6706349206349206 0.07745098039215687 0.09365079365079365
0 0.7102941176470587 0.7944444444444444 0.07352941176470588 0.09047619047619047
0 0.6862745098039216 0.926984126984127 0.09411764705882353 0.12063492063492064
0 0.7877450980392157 0.23492063492063492 0.08137254901960785 0.12380952380952381
0 0.5068627450980392 0.08095238095238096 0.0784313725490196 0.13333333333333333
0 0.44166666666666665 0.25476190476190474 0.09509803921568627 0.11587301587301588
0 0.5166666666666666 0.42857142857142855 0.08235294117647059 0.13015873015873017
0 0.20147058823529407 0.6166666666666667 0.08137254901960785 0.11587301587301588
0 0.0862745098039216 0.5174603174603175 0.0803921568627451 0.13968253968253969
1 0.5931372549019608 0.6436507936507937 0.054901960784313725 0.0746031746031746
1 0.5774509803921568 0.7261904761904762 0.054901960784313725 0.06507936507936508
1 0.5598039215686275 0.8063492063492064 0.050980392156862744 0.06031746031746032
1 0.5117647058823529 0.6015873015873016 0.06274509803921569 0.0761904761904762
1 0.48774509803921573 0.7015873015873015 0.06372549019607843 0.07936507936507936
1 0.45539215686274515 0.553968253968254 0.06372549019607843 0.07936507936507936
1 0.4303921568627451 0.6515873015873016 0.06470588235294118 0.08412698412698413
1 0.3686274509803922 0.49444444444444446 0.056862745098039215 0.06507936507936508
1 0.3495098039215686 0.5761904761904761 0.05784313725490196 0.06349206349206349
1 0.3308823529411765 0.653968253968254 0.05588235294117647 0.07301587301587302
