9 0.9581689029202841 0.2522768670309654 0.03946329913180742 0.07468123861566485
9 0.8674033149171271 0.4453551912568306 0.0489344909234412 0.06739526411657559
9 0.7119179163378058 0.3114754098360656 0.050513022888713496 0.061930783242258654
9 0.7383583267561168 0.7158469945355191 0.062352012628255724 0.08378870673952642
9 0.5260457774269929 0.19216757741347906 0.06866614048934491 0.06375227686703097
9 0.48382004735595896 0.7832422586520947 0.06471981057616416 0.08378870673952642
9 0.3823993685872139 0.21311475409836064 0.06866614048934491 0.06557377049180328
9 0.28216258879242306 0.8734061930783242 0.06550907655880031 0.060109289617486336
9 0.17679558011049723 0.13570127504553733 0.05367008681925809 0.060109289617486336
9 0.11483820047355964 0.36429872495446264 0.06077348066298342 0.0546448087431694
9 0.04735595895816891 0.8479052823315119 0.08208366219415943 0.06375227686703097
