9 0.5116988809766022 0.7238689547581904 0.044760935910478125 0.078003120124805
9 0.5996948118006104 0.5904836193447738 0.04577822990844354 0.07644305772230889
9 0.5717192268565615 0.4539781591263651 0.059003051881993895 0.0967238689547582
9 0.5457782299084435 0.4165366614664586 0.06612410986775177 0.10920436817472699
9 0.46897253306205494 0.3182527301092044 0.052899287894201424 0.0904836193447738
1 0.5483214649033571 0.8650546021840874 0.0508646998982706 0.08268330733229329
1 0.6485249237029501 0.8876755070202809 0.05595116988809766 0.0842433697347894
1 0.6307222787385555 0.765210608424337 0.052899287894201424 0.07956318252730109
1 0.7324516785350966 0.8393135725429017 0.052899287894201424 0.0811232449297972
1 0.7115971515768057 0.6903276131045242 0.05391658189216684 0.08268330733229329
1 0.8255340793489319 0.7831513260530422 0.05391658189216684 0.0842433697347894
1 0.8092573753814852 0.6622464898595943 0.05391658189216684 0.08268330733229329
1 0.7904374364191251 0.5171606864274572 0.052899287894201424 0.07956318252730109
1 0.9140386571719227 0.6942277691107644 0.05595116988809766 0.0811232449297972
1 0.8921668362156663 0.5507020280811232 0.0508646998982706 0.0842433697347894
1 0.7929806714140386 0.5140405616224649 0.05391658189216684 0.08580343213728549
1 0.8631739572736521 0.3268330733229329 0.04984740590030519 0.07956318252730109
1 0.9399796541200407 0.3026521060842434 0.048830111902339775 0.078003120124805
1 0.8504577822990844 0.2527301092043682 0.048830111902339775 0.078003120124805
1 0.9277721261444557 0.2316692667706708 0.048830111902339775 0.07644305772230889
1 0.8377416073245167 0.16926677067082685 0.05188199389623601 0.07956318252730109
1 0.9130213631739573 0.14196567862714504 0.04781281790437437 0.0811232449297972
1 0.4420142421159715 0.09360374414976602 0.05188199389623601 0.0811232449297972
