0 0.1 0.538235294117647 0.05701357466063348 0.08235294117647059
0 0.167420814479638 0.5308823529411765 0.047058823529411764 0.10294117647058823
0 0.23574660633484162 0.5536764705882353 0.05520361990950226 0.09852941176470588
0 0.3054298642533937 0.5477941176470589 0.05339366515837104 0.10735294117647058
0 0.4470588235294118 0.5691176470588235 0.05429864253393665 0.09117647058823529
0 0.49095022624434387 0.6588235294117647 0.06425339366515836 0.09117647058823529
0 0.5936651583710407 0.8419117647058824 0.05972850678733032 0.07794117647058824
0 0.6248868778280543 0.9330882352941177 0.06968325791855204 0.09852941176470588
0 0.0746606334841629 0.18823529411764706 0.04796380090497738 0.07941176470588235
0 0.20995475113122172 0.14632352941176474 0.0579185520361991 0.09558823529411764
0 0.3506787330316742 0.10588235294117643 0.049773755656108594 0.058823529411764705
0 0.6624434389140271 0.5227941176470587 0.06515837104072399 0.0838235294117647
0 0.7122171945701358 0.6102941176470589 0.056108597285067875 0.1
0 0.9524886877828054 0.36102941176470593 0.058823529411764705 0.10735294117647058
