0 0.1190917516218721 0.8693972179289027 0.08989805375347544 0.13137557959814528
0 0.10426320667284522 0.5904173106646059 0.08619091751621873 0.1267387944358578
0 0.1010194624652456 0.45440494590417313 0.0871177015755329 0.1267387944358578
0 0.25903614457831325 0.8910355486862442 0.0639481000926784 0.12828438948995363
0 0.26506024096385544 0.7457496136012365 0.0778498609823911 0.13446676970633695
0 0.26737720111214086 0.5996908809891808 0.08989805375347544 0.12982998454404945
0 0.2562557924003707 0.4528593508500772 0.0639481000926784 0.12982998454404945
0 0.2706209453197405 0.3029366306027821 0.0871177015755329 0.1267387944358578
0 0.26737720111214086 0.15610510046367854 0.08804448563484708 0.1267387944358578
0 0.48378127896200185 0.3060278207109737 0.0778498609823911 0.13292117465224113
0 0.4819277108433735 0.1491499227202473 0.0778498609823911 0.12210200927357033
0 0.6923076923076923 0.9142194744976816 0.061167747914735865 0.13137557959814528
0 0.6978683966635774 0.7666151468315301 0.07414272474513438 0.12982998454404945
0 0.696014828544949 0.4683153013910355 0.07599629286376275 0.12982998454404945
0 0.6969416126042632 0.29752704791344664 0.07599629286376275 0.13137557959814528
0 0.9091751621872104 0.7635239567233385 0.0778498609823911 0.1267387944358578
0 0.9096385542168675 0.6182380216383307 0.08063021316033364 0.1267387944358578
0 0.906858202038925 0.47063369397217925 0.082483781278962 0.13137557959814528
0 0.9036144578313253 0.15533230293663058 0.07970342910101946 0.14064914992272023
