9 0.0741962077493817 0.7549194991055457 0.051112943116240726 0.07871198568872988
9 0.12118713932399011 0.3130590339892666 0.04451772464962902 0.07871198568872988
9 0.5651277823577906 0.32289803220035773 0.03215169002473207 0.06976744186046512
9 0.7052761747732894 0.8819320214669052 0.05028854080791426 0.07871198568872988
9 0.6982687551525144 0.48121645796064405 0.05276174773289365 0.1037567084078712
9 0.6706512778235779 0.16189624329159213 0.03215169002473207 0.06976744186046512
9 0.7860676009892827 0.22898032200357776 0.03709810387469085 0.07871198568872988
9 0.9010717230008244 0.5644007155635062 0.05605935696619951 0.11270125223613596
9 0.8985985160758451 0.3166368515205724 0.04781533388293487 0.08944543828264759
9 0.948474855729596 0.06887298747763859 0.03215169002473207 0.06976744186046512
9 0.9389942291838417 0.9293381037567084 0.036273701566364384 0.07692307692307693
9 0.5589447650453421 0.0402504472271914 0.04451772464962902 0.06976744186046512
