9 0.041831097079715863 0.7477231329690346 0.03946329913180742 0.07468123861566485
9 0.13259668508287292 0.5546448087431695 0.0489344909234412 0.06739526411657559
9 0.2880820836621942 0.6885245901639344 0.050513022888713496 0.061930783242258654
9 0.2616416732438832 0.28415300546448086 0.062352012628255724 0.08378870673952642
9 0.4739542225730071 0.807832422586521 0.06866614048934491 0.06375227686703097
9 0.516179952644041 0.21675774134790526 0.06471981057616416 0.08378870673952642
9 0.6176006314127861 0.7868852459016393 0.06866614048934491 0.06557377049180328
9 0.7178374112075769 0.12659380692167577 0.06550907655880031 0.060109289617486336
9 0.8232044198895028 0.8642987249544627 0.05367008681925809 0.060109289617486336
9 0.8851617995264404 0.6357012750455373 0.06077348066298342 0.0546448087431694
9 0.9526440410418311 0.15209471766848814 0.08208366219415943 0.06375227686703097
