0 0.2906350914962325 0.7072490706319703 0.077502691065662 0.09479553903345725
0 0.36167922497308935 0.6868029739776952 0.08180839612486544 0.13197026022304834
0 0.523681377825619 0.6849442379182156 0.08073196986006459 0.12453531598513011
0 0.6044133476856836 0.6933085501858736 0.05059203444564048 0.09665427509293681
0 0.6851453175457481 0.6821561338289963 0.08073196986006459 0.12639405204460966
0 0.18675995694294942 0.4200743494423792 0.06350914962325081 0.12267657992565056
0 0.26480086114101187 0.41728624535315983 0.06673842841765339 0.12453531598513011
0 0.3428417653390743 0.42100371747211895 0.06996770721205597 0.13197026022304834
0 0.6307857911733046 0.4098513011152416 0.0581270182992465 0.12453531598513011
0 0.7002152852529602 0.4052044609665427 0.061356297093649086 0.12639405204460966
