1 0.3955938697318008 0.6031626506024097 0.05747126436781609 0.10090361445783133
1 0.4468390804597701 0.5655120481927711 0.04693486590038314 0.07981927710843373
1 0.49952107279693486 0.5316265060240963 0.04693486590038314 0.0783132530120482
1 0.5699233716475096 0.49548192771084343 0.04789272030651341 0.08132530120481928
1 0.5948275862068966 0.6054216867469879 0.04980842911877394 0.08433734939759036
1 0.6762452107279694 0.5549698795180723 0.04789272030651341 0.07680722891566265
1 0.6843869731800766 0.4917168674698795 0.035440613026819924 0.058734939759036146
1 0.6508620689655172 0.44728915662650603 0.04885057471264368 0.07530120481927711
1 0.664272030651341 0.28539156626506024 0.04310344827586207 0.0677710843373494
1 0.5852490421455939 0.20707831325301207 0.03065134099616858 0.05271084337349398
1 0.5450191570881227 0.3825301204819277 0.05172413793103448 0.0783132530120482
1 0.5186781609195402 0.26957831325301207 0.04693486590038314 0.0783132530120482
1 0.47270114942528735 0.42093373493975905 0.04693486590038314 0.07680722891566265
1 0.446360153256705 0.3125 0.04789272030651341 0.07981927710843373
1 0.4042145593869732 0.48042168674698793 0.06130268199233716 0.09939759036144578
1 0.3850574712643678 0.3885542168674698 0.04980842911877394 0.08433734939759036
1 0.3682950191570881 0.30722891566265065 0.04885057471264368 0.08132530120481928
1 0.3486590038314176 0.5060240963855422 0.04789272030651341 0.08132530120481928
1 0.33189655172413796 0.43298192771084343 0.04693486590038314 0.07379518072289157
