1 0.2566550925925926 0.7675619834710744 0.03993055555555555 0.06818181818181818
1 0.3003472222222222 0.7691115702479339 0.041666666666666664 0.07128099173553719
1 0.36689814814814814 0.765495867768595 0.041666666666666664 0.07231404958677685
1 0.3648726851851852 0.6947314049586777 0.03761574074074074 0.07128099173553719
1 0.43287037037037035 0.8450413223140496 0.04513888888888889 0.0743801652892562
1 0.42997685185185186 0.765495867768595 0.04282407407407408 0.07231404958677685
1 0.41724537037037035 0.6916322314049587 0.041666666666666664 0.07128099173553719
1 0.5063657407407407 0.8558884297520661 0.047453703703703706 0.07747933884297521
1 0.5072337962962963 0.7758264462809917 0.045717592592592594 0.0743801652892562
1 0.5049189814814815 0.6947314049586777 0.046875 0.07747933884297521
1 0.5769675925925926 0.856404958677686 0.04513888888888889 0.08057851239669421
1 0.5766782407407407 0.7773760330578512 0.045717592592592594 0.07747933884297521
1 0.5755208333333334 0.6926652892561984 0.046875 0.08161157024793389
1 0.6524884259259259 0.8548553719008265 0.046875 0.07747933884297521
1 0.6536458333333334 0.7742768595041323 0.046875 0.07747933884297521
1 0.6539351851851852 0.6926652892561984 0.046296296296296294 0.07954545454545454
1 0.7103587962962963 0.8693181818181819 0.03761574074074074 0.060950413223140494
1 0.7123842592592593 0.8109504132231404 0.03819444444444445 0.06198347107438017
1 0.26070601851851855 0.4199380165289256 0.048032407407407406 0.08574380165289257
1 0.26099537037037035 0.3403925619834711 0.04861111111111111 0.07747933884297521
1 0.3159722222222222 0.4173553719008265 0.04861111111111111 0.08057851239669421
1 0.3168402777777778 0.34142561983471076 0.046875 0.07747933884297521
1 0.16174768518518517 0.22314049586776863 0.05150462962962963 0.08884297520661157
1 0.16984953703703703 0.14152892561983466 0.046875 0.08677685950413223
1 0.20833333333333334 0.22623966942148765 0.04513888888888889 0.08884297520661157
1 0.2120949074074074 0.125 0.041087962962962965 0.0743801652892562
1 0.24131944444444445 0.17097107438016534 0.03819444444444445 0.07128099173553719
1 0.28703703703703703 0.22365702479338845 0.041666666666666664 0.07128099173553719
1 0.3107638888888889 0.16942148760330578 0.034722222222222224 0.06198347107438017
1 0.2867476851851852 0.12551652892561982 0.045717592592592594 0.07541322314049587
1 0.36921296296296297 0.21384297520661155 0.05092592592592592 0.08264462809917356
1 0.3689236111111111 0.13326446280991733 0.050347222222222224 0.08264462809917356
1 0.4270833333333333 0.22055785123966942 0.04513888888888889 0.07747933884297521
1 0.42476851851851855 0.137396694214876 0.046296296296296294 0.08057851239669421
1 0.4809027777777778 0.18440082644628097 0.05555555555555555 0.07954545454545454
1 0.4285300925925926 0.5769628099173554 0.046875 0.08367768595041322
1 0.42824074074074076 0.49380165289256195 0.047453703703703706 0.08057851239669421
1 0.4308449074074074 0.4121900826446281 0.05150462962962963 0.08264462809917356
1 0.42997685185185186 0.3398760330578512 0.04398148148148148 0.06818181818181818
1 0.5078125 0.5733471074380165 0.050347222222222224 0.07851239669421488
1 0.5040509259259259 0.4927685950413223 0.04861111111111111 0.08264462809917356
1 0.5075231481481481 0.4132231404958677 0.04513888888888889 0.08057851239669421
1 0.5046296296296297 0.3347107438016529 0.04282407407407408 0.07024793388429752
1 0.5775462962962963 0.5743801652892562 0.04976851851851852 0.08057851239669421
1 0.5772569444444444 0.49380165289256195 0.046875 0.08057851239669421
1 0.6634837962962963 0.5671487603305785 0.04456018518518518 0.07851239669421488
