3 0.06907037358818419 0.832824427480916 0.035621198957428324 0.08396946564885496
3 0.10512597741094701 0.8442748091603054 0.04170286707211121 0.08244274809160305
3 0.1159860990443093 0.7625954198473283 0.04083405734144222 0.0900763358778626
3 0.1520417028670721 0.783969465648855 0.038227628149435276 0.07786259541984733
3 0.19113814074717636 0.7931297709923664 0.04170286707211121 0.08091603053435115
3 0.12510860121633363 0.6748091603053434 0.03996524761077324 0.08854961832061069
3 0.16377063423110338 0.7015267175572519 0.046046915725456126 0.08091603053435115
3 0.20243266724587317 0.7053435114503817 0.045178105994787145 0.07633587786259542
3 0.24283231972198088 0.7145038167938931 0.046046915725456126 0.07633587786259542
3 0.17158992180712423 0.6129770992366412 0.046046915725456126 0.08396946564885496
3 0.2150304083405734 0.6099236641221374 0.04778453518679409 0.08396946564885496
3 0.2576020851433536 0.6083969465648855 0.04778453518679409 0.08396946564885496
3 0.3149435273675065 0.6603053435114503 0.05647263249348393 0.0900763358778626
3 0.20981754995655952 0.44580152671755724 0.052997393570807995 0.10381679389312977
3 0.3014769765421373 0.4381679389312977 0.05386620330147698 0.10381679389312977
3 0.4326672458731538 0.39389312977099233 0.04170286707211121 0.07022900763358779
3 0.6364031277150304 0.6091603053435115 0.046046915725456126 0.08244274809160305
3 0.6781059947871416 0.6297709923664122 0.04952215464813206 0.08396946564885496
3 0.7202432667245873 0.6206106870229008 0.045178105994787145 0.08091603053435115
3 0.7580364900086881 0.6053435114503817 0.04952215464813206 0.08702290076335878
3 0.656385751520417 0.5137404580152671 0.04083405734144222 0.08091603053435115
3 0.6937445699391833 0.5190839694656488 0.044309296264118156 0.08244274809160305
3 0.7337098175499566 0.5251908396946565 0.04257167680278019 0.09465648854961832
3 0.8622936576889662 0.3893129770992366 0.044309296264118156 0.0732824427480916
