9 0.8404689092762487 0.5988372093023255 0.09683995922528033 0.05555555555555555
9 0.3527013251783894 0.4760981912144703 0.02854230377166157 0.09431524547803617
1 0.17227319062181448 0.7325581395348837 0.040774719673802244 0.05167958656330749
1 0.16819571865443425 0.689922480620155 0.03058103975535168 0.03875968992248062
1 0.1671763506625892 0.6472868217054264 0.03058103975535168 0.03875968992248062
1 0.21406727828746178 0.6950904392764858 0.0509683995922528 0.06976744186046512
1 0.2650356778797146 0.6937984496124031 0.053007135575942915 0.06976744186046512
1 0.20998980632008155 0.6291989664082687 0.053007135575942915 0.06718346253229975
1 0.26146788990825687 0.6266149870801034 0.05606523955147808 0.06976744186046512
1 0.1600407747196738 0.5652454780361758 0.026503567787971458 0.037467700258397935
1 0.18399592252803262 0.5633074935400517 0.027522935779816515 0.04392764857881137
1 0.2069317023445464 0.5607235142118863 0.02854230377166157 0.041343669250646
1 0.23037716615698267 0.5594315245478036 0.026503567787971458 0.041343669250646
1 0.25382262996941896 0.5568475452196382 0.026503567787971458 0.041343669250646
1 0.27879714576962283 0.5562015503875969 0.027522935779816515 0.04521963824289406
