9 0.6613566289825282 0.4952510176390773 0.040082219938335044 0.10312075983717775
9 0.8150051387461459 0.685888738127544 0.03905447070914697 0.09362279511533243
9 0.7852004110996916 0.3751696065128901 0.04316546762589928 0.10176390773405698
1 0.632065775950668 0.305291723202171 0.045220966084275435 0.06512890094979647
1 0.6027749229188079 0.2530529172320217 0.044193216855087356 0.06377204884667571
1 0.697841726618705 0.24084124830393483 0.04316546762589928 0.06377204884667571
1 0.6695786228160329 0.1872455902306649 0.0421377183967112 0.06784260515603799
1 0.7425488180883865 0.18385345997286295 0.046248715313463515 0.06648575305291723
1 0.7117163412127441 0.1302578018995929 0.0421377183967112 0.06512890094979647
1 0.4501541623843782 0.08480325644504749 0.045220966084275435 0.06377204884667571
1 0.5082219938335046 0.08141112618724555 0.046248715313463515 0.05970149253731343
