6 0.17680074836295603 0.4498525073746312 0.04490177736202058 0.058997050147492625
6 0.16978484565014032 0.8650442477876106 0.04957904583723106 0.06932153392330384
6 0.24976613657623947 0.7625368731563422 0.031805425631431246 0.07374631268436578
6 0.2708138447146866 0.7374631268436578 0.03274087932647334 0.07374631268436578
6 0.46117867165575305 0.7374631268436578 0.05612722170252572 0.07964601769911504
6 0.519644527595884 0.4963126843657817 0.03086997193638915 0.0752212389380531
6 0.5673526660430309 0.4498525073746312 0.03274087932647334 0.07374631268436578
6 0.5869971936389149 0.42551622418879054 0.028999064546304958 0.06637168141592921
6 0.7347988774555659 0.3008849557522124 0.028999064546304958 0.06784660766961652
6 0.7726847521047708 0.24852507374631272 0.03367633302151544 0.0752212389380531
6 0.9101964452759589 0.0892330383480826 0.02806361085126286 0.06342182890855458
6 0.8886810102899907 0.7994100294985251 0.031805425631431246 0.07374631268436578
6 0.9387277829747428 0.7669616519174041 0.03274087932647334 0.07079646017699115
6 0.980355472404116 0.7205014749262537 0.031805425631431246 0.0752212389380531
6 0.3606173994387278 0.6548672566371682 0.027128157156220765 0.061946902654867256
6 0.441066417212348 0.5722713864306785 0.025257249766136577 0.05309734513274336
6 0.6150608044901777 0.42404129793510326 0.027128157156220765 0.05752212389380531
6 0.6314312441534145 0.5752212389380531 0.0411599625818522 0.058997050147492625
