9 0.12191358024691358 0.7883064516129032 0.09979423868312758 0.04704301075268817
9 0.7232510288065843 0.24798387096774188 0.037037037037037035 0.15994623655913978
9 0.8945473251028807 0.36155913978494625 0.04835390946502058 0.12903225806451613
1 0.27469135802469136 0.42741935483870963 0.037037037037037035 0.04838709677419355
1 0.3153292181069959 0.37970430107526887 0.046296296296296294 0.05779569892473118
1 0.30864197530864196 0.4731182795698925 0.037037037037037035 0.051075268817204304
1 0.3477366255144033 0.4247311827956989 0.03909465020576132 0.051075268817204304
1 0.34310699588477367 0.5221774193548387 0.03806584362139918 0.05241935483870968
1 0.38323045267489714 0.4731182795698925 0.040123456790123455 0.04838709677419355
1 0.375 0.5678763440860215 0.03806584362139918 0.05241935483870968
1 0.41512345679012347 0.519489247311828 0.03806584362139918 0.04973118279569892
1 0.4130658436213992 0.6297043010752688 0.03189300411522634 0.04973118279569892
1 0.4444444444444444 0.5920698924731183 0.03497942386831276 0.04704301075268817
1 0.48302469135802467 0.6364247311827957 0.033950617283950615 0.04435483870967742
1 0.5190329218106996 0.8346774193548387 0.027777777777777776 0.03763440860215054
1 0.6183127572016461 0.8219086021505376 0.03497942386831276 0.05241935483870968
1 0.6435185185185185 0.8548387096774194 0.0360082304526749 0.0456989247311828
1 0.6754115226337448 0.799731182795699 0.033950617283950615 0.0456989247311828
