9 0.0672834314550042 0.13327370304114494 0.03532380151387721 0.11627906976744186
9 0.22750210260723297 0.5250447227191413 0.021026072329688814 0.07692307692307693
9 0.25651808242220353 0.24865831842576025 0.023549201009251473 0.08944543828264759
9 0.45164003364171573 0.6744186046511628 0.02691337258200168 0.09302325581395349
9 0.42262405382674517 0.22540250447227195 0.022708158116063918 0.09660107334525939
9 0.5710681244743482 0.8461538461538461 0.050462573591253154 0.06797853309481217
9 0.5815811606391926 0.6368515205724508 0.031118587047939444 0.06797853309481217
9 0.7960470984020185 0.7495527728085868 0.05803195962994113 0.057245080500894455
9 0.9184188393608074 0.7495527728085868 0.05214465937762826 0.046511627906976744
9 0.6808242220353238 0.44633273703041143 0.04289318755256518 0.11985688729874776
9 0.9028595458368377 0.462432915921288 0.0782169890664424 0.08765652951699464
9 0.900336417157275 0.16726296958855102 0.04625735912531539 0.07334525939177101
