3 0.2450638792102207 0.43238731218697835 0.0859465737514518 0.08681135225375626
3 0.3252032520325203 0.3480801335559266 0.0859465737514518 0.08514190317195326
3 0.2694541231126597 0.4757929883138564 0.08130081300813008 0.08347245409015025
3 0.351335656213705 0.38981636060100167 0.08246225319396051 0.08848080133555926
3 0.29442508710801396 0.5191986644407345 0.08013937282229965 0.08681135225375626
3 0.37514518002322883 0.43572621035058434 0.0859465737514518 0.08347245409015025
3 0.31823461091753774 0.5584307178631052 0.07665505226480836 0.08848080133555926
3 0.40069686411149824 0.4774624373956594 0.08130081300813008 0.09015025041736227
2 0.5650406504065041 0.3071786310517529 0.1521486643437863 0.2036727879799666
2 0.2229965156794425 0.9215358931552587 0.10452961672473868 0.1001669449081803
4 0.2979094076655052 0.7487479131886478 0.10104529616724739 0.11185308848080133
4 0.3519163763066202 0.823873121869783 0.09059233449477352 0.10517529215358931
