3 0.23554153522607782 0.8324958123953099 0.10725552050473186 0.06700167504187604
3 0.231335436382755 0.7512562814070352 0.11146161934805468 0.06532663316582915
3 0.22765509989484753 0.6767169179229481 0.11251314405888538 0.06030150753768844
3 0.2213459516298633 0.592964824120603 0.1167192429022082 0.06700167504187604
3 0.3864353312302839 0.8391959798994975 0.10620399579390116 0.06030150753768844
3 0.3874868559411146 0.7613065326633166 0.11251314405888538 0.06532663316582915
3 0.38801261829652994 0.6859296482412061 0.11777076761303891 0.06867671691792294
3 0.38801261829652994 0.6030150753768844 0.11987381703470032 0.07705192629815745
3 0.538906414300736 0.8467336683417086 0.11041009463722397 0.06197654941373534
3 0.5436382754994742 0.7747068676716917 0.11356466876971609 0.06197654941373534
3 0.5467928496319664 0.6926298157453936 0.11356466876971609 0.07202680067001675
3 0.5494216614090431 0.6155778894472361 0.11461619348054679 0.06867671691792294
3 0.6892744479495269 0.8509212730318259 0.11251314405888538 0.06365159128978225
3 0.6971608832807571 0.7780569514237856 0.11356466876971609 0.06197654941373534
3 0.7060988433228181 0.7026800670016751 0.11882229232386961 0.06867671691792294
3 0.713459516298633 0.6239530988274706 0.12092534174553102 0.07537688442211055
