1 0.1293402777777778 0.8230543318649046 0.046875 0.06901615271659324
1 0.1875 0.8370044052863437 0.050347222222222224 0.07342143906020558
1 0.3051215277777778 0.7408223201174743 0.04600694444444445 0.07782672540381791
1 0.4644097222222222 0.7555066079295154 0.041666666666666664 0.06607929515418502
1 0.4644097222222222 0.7033773861967695 0.041666666666666664 0.06167400881057269
1 0.4657118055555556 0.644640234948605 0.0390625 0.06461086637298091
1 0.44140625 0.564610866372981 0.04774305555555555 0.08370044052863436
1 0.4418402777777778 0.48972099853157125 0.046875 0.08076358296622614
1 0.4830729166666667 0.5631424375917768 0.04774305555555555 0.08370044052863436
1 0.4861111111111111 0.4882525697503671 0.046875 0.07488986784140969
1 0.52734375 0.5631424375917768 0.04774305555555555 0.08076358296622614
1 0.5282118055555556 0.4882525697503671 0.051215277777777776 0.08370044052863436
1 0.5807291666666666 0.5925110132158591 0.03298611111111111 0.048458149779735685
1 0.6098090277777778 0.5917767988252569 0.033854166666666664 0.05286343612334802
1 0.5959201388888888 0.5279001468428781 0.04774305555555555 0.07195301027900147
1 0.7282986111111112 0.762848751835536 0.052083333333333336 0.07488986784140969
