5 0.22162645218945487 0.5191029900332226 0.3735478105451296 0.41029900332225916
3 0.4740840035746202 0.5041528239202657 0.06881143878462913 0.07807308970099668
3 0.4647006255585344 0.4526578073089701 0.06255585344057193 0.07142857142857142
3 0.45621090259159963 0.40199335548172754 0.06344950848972297 0.07308970099667775
3 0.4459338695263628 0.3496677740863787 0.06613047363717604 0.07475083056478406
3 0.43476318141197495 0.2981727574750831 0.06702412868632708 0.07475083056478406
2 0.5884718498659517 0.9219269102990033 0.08847184986595175 0.1362126245847176
2 0.5773011617515639 0.1553156146179402 0.08579088471849866 0.1345514950166113
2 0.8583556747095621 0.8729235880398671 0.07238605898123325 0.09800664451827243
2 0.9066130473637176 0.19269102990033227 0.10991957104557641 0.1760797342192691
