0 0.050595238095238096 0.6588235294117647 0.04846938775510204 0.1450980392156863
0 0.16581632653061223 0.6637254901960784 0.04591836734693878 0.12745098039215685
0 0.22831632653061223 0.6637254901960784 0.06887755102040816 0.1588235294117647
0 0.3018707482993197 0.665686274509804 0.05102040816326531 0.11960784313725491
0 0.4685374149659864 0.7039215686274509 0.05782312925170068 0.13725490196078433
0 0.6760204081632653 0.7088235294117646 0.05952380952380952 0.13529411764705881
0 0.8937074829931972 0.746078431372549 0.047619047619047616 0.12352941176470589
0 0.8903061224489796 0.9254901960784314 0.0663265306122449 0.10196078431372549
0 0.05739795918367347 0.33333333333333337 0.05357142857142857 0.14901960784313725
0 0.2453231292517007 0.3666666666666667 0.058673469387755105 0.1450980392156863
0 0.3171768707482993 0.3735294117647059 0.047619047619047616 0.1392156862745098
0 0.4897959183673469 0.4 0.05782312925170068 0.14901960784313725
0 0.5676020408163265 0.41274509803921566 0.058673469387755105 0.14705882352941177
0 0.6500850340136054 0.2803921568627451 0.055272108843537414 0.12941176470588237
0 0.7835884353741497 0.22058823529411764 0.06717687074829932 0.11176470588235295
0 0.8686224489795918 0.4372549019607843 0.05697278911564626 0.1450980392156863
0 0.9379251700680272 0.4480392156862745 0.05782312925170068 0.1588235294117647
