0 0.06831275720164609 0.502145922746781 0.05432098765432099 0.18454935622317598
0 0.151440329218107 0.4012875536480687 0.07078189300411522 0.16738197424892703
0 0.1765432098765432 0.2821888412017167 0.03868312757201646 0.148068669527897
0 0.2366255144032922 0.2886266094420601 0.04691358024691358 0.1351931330472103
0 0.30987654320987656 0.325107296137339 0.060082304526748974 0.1781115879828326
0 0.44609053497942386 0.5236051502145922 0.07736625514403292 0.21888412017167383
0 0.5399176954732511 0.5375536480686696 0.07901234567901234 0.19957081545064378
0 0.6839506172839506 0.3605150214592274 0.07901234567901234 0.23605150214592274
0 0.820164609053498 0.47532188841201717 0.06337448559670782 0.18240343347639484
0 0.9016460905349795 0.5751072961373391 0.07489711934156379 0.2317596566523605
