3 0.20593869731800765 0.16885245901639345 0.06896551724137931 0.08852459016393442
3 0.2332375478927203 0.22213114754098362 0.06609195402298851 0.09016393442622951
3 0.2710727969348659 0.0770491803278689 0.07088122605363985 0.10163934426229508
3 0.30124521072796934 0.13442622950819672 0.06800766283524905 0.09836065573770492
3 0.34434865900383144 0.9237704918032787 0.05268199233716475 0.060655737704918035
3 0.3668582375478927 0.9524590163934427 0.05363984674329502 0.05573770491803279
4 0.38122605363984674 0.2163934426229508 0.08045977011494253 0.10819672131147541
4 0.40900383141762453 0.2737704918032787 0.07854406130268199 0.11147540983606558
4 0.43726053639846746 0.3278688524590164 0.07758620689655173 0.10819672131147541
2 0.5354406130268199 0.8524590163934427 0.08812260536398467 0.10819672131147541
