8 0.12696850393700787 0.4775280898876404 0.12598425196850394 0.1653290529695024
8 0.2140748031496063 0.5561797752808989 0.10531496062992125 0.1653290529695024
8 0.29429133858267714 0.6388443017656501 0.09645669291338582 0.16693418940609953
8 0.3661417322834646 0.709470304975923 0.08464566929133858 0.13162118780096307
8 0.46062992125984253 0.8443017656500802 0.07874015748031496 0.22150882825040127
8 0.5374015748031497 0.8346709470304976 0.06496062992125984 0.22150882825040127
8 0.5989173228346457 0.8322632423756019 0.06200787401574803 0.2102728731942215
8 0.656496062992126 0.8298555377207062 0.0531496062992126 0.20224719101123595
8 0.7076771653543307 0.8314606741573034 0.045275590551181105 0.2086677367576244
8 0.7554133858267716 0.8234349919743178 0.038385826771653545 0.21187800963081863
8 0.8001968503937008 0.8242375601926164 0.03937007874015748 0.21990369181380418
8 0.843011811023622 0.8226324237560192 0.04232283464566929 0.22632423756019263
8 0.7421259842519685 0.6573033707865168 0.16141732283464566 0.0593900481540931
8 0.7928149606299213 0.5858747993579454 0.2588582677165354 0.08346709470304976
8 0.7903543307086615 0.5008025682182986 0.2578740157480315 0.08667736757624397
8 0.797244094488189 0.406099518459069 0.265748031496063 0.08346709470304976
8 0.7962598425196851 0.297752808988764 0.2795275590551181 0.1043338683788122
8 0.7997047244094488 0.180577849117175 0.29429133858267714 0.10112359550561797
