6 0.30815569972196477 0.15544412607449853 0.026876737720111215 0.08452722063037249
6 0.30908248378127895 0.24713467048710602 0.023169601482854494 0.07306590257879657
6 0.5759962928637627 0.10673352435530081 0.05468025949953661 0.03868194842406877
6 0.33178869323447635 0.40401146131805155 0.05560704355885079 0.04011461318051576
6 0.5268767377201112 0.502865329512894 0.025023169601482854 0.08022922636103152
6 0.6056533827618165 0.5100286532951289 0.025023169601482854 0.07449856733524356
6 0.7696941612604263 0.5136103151862463 0.028730305838739572 0.08739255014326648
6 0.7965708989805376 0.5150429799426934 0.028730305838739572 0.08166189111747851
6 0.8188137164040779 0.5193409742120344 0.025023169601482854 0.07879656160458452
6 0.8405931417979611 0.5236389684813754 0.022242817423540315 0.0673352435530086
6 0.8623725671918443 0.5272206303724929 0.023169601482854494 0.06876790830945559
6 0.9300278035217794 0.6353868194842407 0.025023169601482854 0.06446991404011461
6 0.8030583873957368 0.8631805157593123 0.03429101019462465 0.06160458452722063
6 0.7752548656163114 0.8724928366762178 0.030583873957367932 0.06017191977077364
6 0.4054680259499537 0.1275071633237822 0.047265987025023166 0.03724928366762178
6 0.22613531047265986 0.4842406876790831 0.020389249304911955 0.06876790830945559
6 0.2974976830398517 0.49785100286532946 0.020389249304911955 0.055873925501432664
6 0.34986098239110286 0.4949856733524355 0.028730305838739572 0.07593123209169055
6 0.4976830398517145 0.5035816618911175 0.024096385542168676 0.06160458452722063
6 0.5532900834105653 0.505730659025788 0.018535681186283594 0.054441260744985676
6 0.5820203892493049 0.501432664756447 0.024096385542168676 0.06303724928366762
6 0.7196478220574606 0.5128939828080229 0.019462465245597776 0.06876790830945559
6 0.7451343836886005 0.5150429799426934 0.020389249304911955 0.06446991404011461
6 0.29935125115848005 0.8610315186246418 0.029657089898053754 0.07449856733524356
6 0.7752548656163114 0.3889684813753582 0.04355885078776645 0.03008595988538682
6 0.9291010194624653 0.8416905444126075 0.019462465245597776 0.0673352435530086
6 0.9323447636700649 0.7213467048710602 0.022242817423540315 0.07020057306590258
6 0.40129749768303985 0.167621776504298 0.04077849860982391 0.03151862464183381
