6 0.8875739644970414 0.18095930232558144 0.04930966469428008 0.059593023255813955
6 0.43096646942800787 0.5748546511627908 0.04930966469428008 0.050872093023255814
6 0.3870808678500986 0.6148255813953488 0.048323471400394474 0.055232558139534885
6 0.2938856015779093 0.6954941860465116 0.04930966469428008 0.05377906976744186
6 0.1854043392504931 0.8292151162790697 0.05325443786982249 0.04796511627906977
6 0.3111439842209073 0.49127906976744184 0.03648915187376726 0.06686046511627906
6 0.23717948717948717 0.5559593023255813 0.05226824457593689 0.05377906976744186
6 0.1858974358974359 0.5973837209302326 0.046351084812623275 0.04941860465116279
6 0.2485207100591716 0.7325581395348837 0.047337278106508875 0.06976744186046512
6 0.4921104536489152 0.5203488372093024 0.04339250493096647 0.05813953488372093
6 0.5498027613412229 0.4731104651162791 0.04240631163708087 0.0625
6 0.16715976331360946 0.561046511627907 0.04043392504930966 0.05813953488372093
6 0.22238658777120315 0.5188953488372092 0.048323471400394474 0.06686046511627906
