8 0.17539964476021314 0.43173758865248224 0.130550621669627 0.18617021276595744
8 0.13188277087033748 0.3014184397163121 0.13765541740674955 0.18085106382978725
8 0.45293072824156305 0.8306737588652482 0.07460035523978685 0.13652482269503546
8 0.5532859680284192 0.8297872340425532 0.0586145648312611 0.15602836879432624
8 0.6465364120781527 0.8377659574468085 0.0586145648312611 0.16134751773049646
8 0.7242451154529307 0.8554964539007093 0.06660746003552398 0.16134751773049646
8 0.7961811722912966 0.8687943262411347 0.0630550621669627 0.1524822695035461
8 0.8490230905861457 0.8891843971631206 0.047957371225577264 0.16843971631205673
8 0.7668738898756661 0.4219858156028369 0.05772646536412078 0.20567375886524822
8 0.8796625222024866 0.5265957446808511 0.09502664298401421 0.08865248226950355
8 0.883214920071048 0.38120567375886527 0.1341030195381883 0.08865248226950355
