1 0.2556423611111111 0.8923766816143498 0.049479166666666664 0.07473841554559044
1 0.3181423611111111 0.8923766816143498 0.042534722222222224 0.07473841554559044
1 0.3723958333333333 0.8938714499252616 0.04513888888888889 0.07772795216741404
1 0.4118923611111111 0.8953662182361734 0.04600694444444445 0.07473841554559044
1 0.4522569444444444 0.898355754857997 0.03993055555555555 0.0687593423019432
1 0.3819444444444444 0.7571001494768311 0.04513888888888889 0.07324364723467862
1 0.4431423611111111 0.7556053811659192 0.049479166666666664 0.07025411061285501
1 0.3190104166666667 0.6606875934230194 0.04774305555555555 0.07174887892376682
1 0.4453125 0.6644245142002989 0.046875 0.07025411061285501
1 0.3823784722222222 0.663677130044843 0.04774305555555555 0.08071748878923767
1 0.2595486111111111 0.5672645739910314 0.041666666666666664 0.07623318385650224
1 0.2973090277777778 0.5680119581464873 0.042534722222222224 0.07174887892376682
1 0.3337673611111111 0.5657698056801196 0.042534722222222224 0.07025411061285501
1 0.4010416666666667 0.5710014947683109 0.050347222222222224 0.07772795216741404
1 0.4548611111111111 0.5710014947683109 0.04861111111111111 0.07473841554559044
1 0.2786458333333333 0.48579970104633785 0.03125 0.05082212257100149
1 0.2777777777777778 0.44245142002989535 0.03125 0.053811659192825115
1 0.3125 0.4850523168908819 0.03298611111111111 0.04932735426008968
1 0.3125 0.4439461883408071 0.03125 0.05082212257100149
1 0.3480902777777778 0.48579970104633785 0.03298611111111111 0.05082212257100149
1 0.3463541666666667 0.4439461883408071 0.034722222222222224 0.05680119581464873
1 0.3958333333333333 0.4678624813153961 0.04861111111111111 0.08071748878923767
1 0.4513888888888889 0.4626307922272048 0.050347222222222224 0.08221225710014948
1 0.3376736111111111 0.3550074738415545 0.05381944444444445 0.08520179372197309
1 0.3407118055555556 0.2563527653213752 0.051215277777777776 0.08221225710014948
1 0.3997395833333333 0.35575485799701045 0.049479166666666664 0.08370702541106129
1 0.4006076388888889 0.2548579970104634 0.049479166666666664 0.08520179372197309
1 0.4505208333333333 0.3587443946188341 0.050347222222222224 0.07772795216741404
1 0.4548611111111111 0.25710014947683113 0.050347222222222224 0.08071748878923767
9 0.2534722222222222 0.28026905829596416 0.046875 0.15994020926756353
9 0.3997395833333333 0.09267563527653211 0.0859375 0.04185351270553064
