9 0.0681265206812652 0.15591397849462363 0.035685320356853206 0.0931899641577061
9 0.10462287104622871 0.43817204301075274 0.058394160583941604 0.11648745519713262
9 0.23641524736415248 0.3629032258064516 0.0413625304136253 0.09498207885304659
9 0.2988645579886456 0.7706093189964158 0.038118410381184104 0.11469534050179211
9 0.4472830494728305 0.9238351254480287 0.046228710462287104 0.06272401433691756
9 0.5417680454176804 0.6729390681003584 0.0373073803730738 0.11648745519713262
9 0.5693430656934306 0.5098566308243728 0.06163828061638281 0.0913978494623656
9 0.4407948094079481 0.23566308243727596 0.06731549067315491 0.05555555555555555
9 0.6739659367396593 0.8637992831541219 0.0454176804541768 0.05734767025089606
9 0.7343876723438767 0.8064516129032258 0.046228710462287104 0.053763440860215055
9 0.7619626926196269 0.5313620071684588 0.0494728304947283 0.04838709677419355
9 0.7149229521492295 0.17831541218637992 0.05596107055961071 0.12007168458781362
9 0.8292781832927818 0.8449820788530467 0.039740470397404706 0.05913978494623656
9 0.8828061638280617 0.6944444444444444 0.038118410381184104 0.044802867383512544
9 0.9363341443633414 0.7383512544802867 0.0332522303325223 0.06810035842293907
