9 0.4954819277108434 0.6231988472622478 0.071285140562249 0.09654178674351585
9 0.803714859437751 0.7240634005763689 0.06927710843373494 0.04755043227665706
9 0.1646586345381526 0.5742074927953891 0.07630522088353414 0.07060518731988473
9 0.05773092369477912 0.22118155619596547 0.06726907630522089 0.03314121037463977
1 0.2560240963855422 0.8652737752161384 0.05622489959839357 0.08213256484149856
1 0.30220883534136544 0.8342939481268011 0.05622489959839357 0.08069164265129683
1 0.13704819277108435 0.27593659942363113 0.035140562248995984 0.05043227665706052
1 0.17319277108433734 0.2752161383285303 0.03714859437751004 0.05475504322766571
1 0.20883534136546184 0.27665706051873196 0.03614457831325301 0.05187319884726225
1 0.24397590361445784 0.2752161383285303 0.03614457831325301 0.05475504322766571
1 0.15060240963855423 0.2139769452449568 0.040160642570281124 0.05043227665706052
1 0.18674698795180722 0.21613832853025938 0.03815261044176707 0.05475504322766571
1 0.22339357429718876 0.21325648414985587 0.03714859437751004 0.05475504322766571
1 0.25903614457831325 0.21325648414985587 0.03815261044176707 0.05187319884726225
1 0.20883534136546184 0.1556195965417867 0.03815261044176707 0.04899135446685879
1 0.25251004016064255 0.15057636887608072 0.04116465863453815 0.059077809798270896
1 0.20833333333333334 0.10374639769452454 0.03714859437751004 0.05763688760806916
1 0.25251004016064255 0.09582132564841495 0.03714859437751004 0.05043227665706052
1 0.07178714859437751 0.04538904899135443 0.03714859437751004 0.056195965417867436
