0 0.12556306306306306 0.8885869565217391 0.12725225225225226 0.19021739130434784
0 0.13457207207207209 0.6956521739130435 0.09121621621621621 0.12681159420289856
0 0.13231981981981983 0.5018115942028986 0.10247747747747747 0.16304347826086957
0 0.12781531531531531 0.3188405797101449 0.11824324324324324 0.18478260869565216
0 0.13175675675675674 0.1186594202898551 0.11711711711711711 0.1793478260869565
0 0.3755630630630631 0.7807971014492754 0.10472972972972973 0.17028985507246377
0 0.375 0.5588768115942029 0.11936936936936937 0.19021739130434784
0 0.37894144144144143 0.32608695652173914 0.1204954954954955 0.18478260869565216
0 0.38006756756756754 0.11684782608695654 0.11824324324324324 0.19021739130434784
0 0.5923423423423423 0.526268115942029 0.11711711711711711 0.18297101449275363
0 0.6925675675675675 0.802536231884058 0.11936936936936937 0.17753623188405798
0 0.6936936936936937 0.3152173913043478 0.11711711711711711 0.16666666666666666
0 0.6936936936936937 0.12318840579710144 0.11036036036036036 0.17028985507246377
