1 0.27647657841140527 0.6925981873111782 0.06008146639511202 0.0891238670694864
1 0.3360488798370672 0.6759818731117825 0.059063136456211814 0.09214501510574018
1 0.3935845213849287 0.6676737160120846 0.04989816700610998 0.07854984894259819
1 0.2830957230142566 0.6080060422960725 0.05091649694501019 0.0770392749244713
1 0.33706720977596744 0.5891238670694864 0.05091649694501019 0.0755287009063444
1 0.390020366598778 0.5906344410876133 0.05091649694501019 0.0755287009063444
1 0.46588594704684316 0.5317220543806647 0.04378818737270876 0.06646525679758308
1 0.4210794297352342 0.5 0.04175152749490835 0.06646525679758308
1 0.46028513238289204 0.4652567975830816 0.04073319755600815 0.06646525679758308
1 0.7240325865580448 0.5226586102719033 0.05295315682281059 0.08157099697885196
1 0.780040733197556 0.5317220543806647 0.05295315682281059 0.07250755287009064
1 0.8375763747454175 0.5317220543806647 0.0560081466395112 0.08157099697885196
1 0.7922606924643585 0.4546827794561934 0.05091649694501019 0.07250755287009064
1 0.7235234215885947 0.4259818731117825 0.051934826883910386 0.0755287009063444
