1 0.054591467823571944 0.854090354090354 0.046999276934201015 0.07692307692307693
1 0.05350686912509038 0.7368742368742369 0.049168474331164135 0.08424908424908426
1 0.05386840202458424 0.6507936507936508 0.05133767172812726 0.08302808302808302
1 0.1005061460592914 0.8553113553113553 0.05061460592913955 0.08180708180708181
1 0.09833694866232827 0.7326007326007327 0.052060737527114966 0.08547008547008547
1 0.1012292118582791 0.6544566544566545 0.05061460592913955 0.08547008547008547
1 0.14461315979754158 0.8522588522588522 0.05061460592913955 0.08791208791208792
1 0.1467823571945047 0.7362637362637363 0.04772234273318872 0.08302808302808302
1 0.146059291395517 0.6568986568986569 0.052060737527114966 0.08547008547008547
1 0.19233550253073028 0.8504273504273504 0.05350686912509038 0.08669108669108669
1 0.19197396963123645 0.7362637362637363 0.05133767172812726 0.08058608058608059
1 0.19269703543022415 0.6568986568986569 0.05133767172812726 0.08058608058608059
1 0.2809110629067245 0.855921855921856 0.049891540130151846 0.07814407814407814
1 0.2816341287057122 0.7741147741147741 0.049891540130151846 0.08547008547008547
1 0.27910339840925524 0.6697191697191698 0.05061460592913955 0.07936507936507936
1 0.2812725958062184 0.5903540903540904 0.049168474331164135 0.08180708180708181
1 0.33007953723788863 0.8547008547008547 0.05133767172812726 0.07814407814407814
1 0.3297180043383948 0.7765567765567766 0.052060737527114966 0.0757020757020757
1 0.3304410701373825 0.6672771672771673 0.05350686912509038 0.07692307692307693
1 0.32827187274041936 0.590964590964591 0.049168474331164135 0.08547008547008547
1 0.406001446131598 0.8522588522588522 0.05133767172812726 0.0757020757020757
1 0.40853217642805495 0.7783882783882784 0.052060737527114966 0.07692307692307693
1 0.4081706435285611 0.6532356532356532 0.05133767172812726 0.0757020757020757
1 0.4081706435285611 0.575091575091575 0.05278380332610268 0.08302808302808302
1 0.4544468546637744 0.8553113553113553 0.04844540853217643 0.07692307692307693
1 0.4544468546637744 0.7771672771672772 0.04844540853217643 0.08424908424908426
1 0.4544468546637744 0.6532356532356532 0.04844540853217643 0.08302808302808302
1 0.4544468546637744 0.5775335775335775 0.04844540853217643 0.08302808302808302
1 0.5401301518438177 0.854090354090354 0.052060737527114966 0.07692307692307693
1 0.5401301518438177 0.7710622710622711 0.052060737527114966 0.09157509157509157
1 0.5401301518438177 0.6221001221001221 0.052060737527114966 0.08180708180708181
1 0.5401301518438177 0.5445665445665446 0.052060737527114966 0.08058608058608059
1 0.586767895878525 0.8528693528693528 0.049891540130151846 0.07936507936507936
1 0.586767895878525 0.7735042735042735 0.049891540130151846 0.08180708180708181
1 0.586767895878525 0.6288156288156288 0.049891540130151846 0.08302808302808302
1 0.586767895878525 0.5451770451770452 0.049891540130151846 0.09401709401709402
1 0.6315979754157628 0.854090354090354 0.046999276934201015 0.08180708180708181
1 0.6301518438177874 0.7728937728937729 0.0455531453362256 0.08058608058608059
1 0.6735357917570499 0.8553113553113553 0.0455531453362256 0.07936507936507936
1 0.6735357917570499 0.7783882783882784 0.0455531453362256 0.07692307692307693
1 0.6735357917570499 0.6703296703296704 0.0455531453362256 0.08058608058608059
1 0.6735357917570499 0.5927960927960928 0.0455531453362256 0.08180708180708181
1 0.6735357917570499 0.5115995115995116 0.0455531453362256 0.08302808302808302
1 0.7216196673897325 0.8571428571428572 0.052060737527114966 0.0757020757020757
1 0.7216196673897325 0.7783882783882784 0.052060737527114966 0.07692307692307693
1 0.7216196673897325 0.6703296703296704 0.052060737527114966 0.08058608058608059
1 0.7216196673897325 0.5927960927960928 0.052060737527114966 0.08180708180708181
1 0.7216196673897325 0.5115995115995116 0.052060737527114966 0.08302808302808302
1 0.8007953723788864 0.8571428571428572 0.05133767172812726 0.0757020757020757
1 0.8007953723788864 0.7515262515262515 0.05133767172812726 0.07936507936507936
1 0.8007953723788864 0.5616605616605617 0.05133767172812726 0.08058608058608059
1 0.8007953723788864 0.4926739926739927 0.05133767172812726 0.07692307692307693
1 0.8477946493130875 0.8571428571428572 0.049891540130151846 0.0757020757020757
1 0.8477946493130875 0.7515262515262515 0.049891540130151846 0.07936507936507936
1 0.8477946493130875 0.5616605616605617 0.049891540130151846 0.08058608058608059
1 0.8477946493130875 0.4926739926739927 0.049891540130151846 0.07692307692307693
1 0.8947939262472885 0.8571428571428572 0.049891540130151846 0.0757020757020757
1 0.8947939262472885 0.7515262515262515 0.049891540130151846 0.07936507936507936
1 0.8947939262472885 0.5616605616605617 0.049891540130151846 0.08058608058608059
1 0.8947939262472885 0.4926739926739927 0.049891540130151846 0.07692307692307693
1 0.9417932031814895 0.8595848595848596 0.05278380332610268 0.08058608058608059
1 0.940708604483008 0.7521367521367521 0.05061460592913955 0.09035409035409035
1 0.940708604483008 0.5641025641025641 0.04772234273318872 0.0757020757020757
