8 0.05635062611806798 0.59245960502693 0.08228980322003578 0.236983842010772
8 0.15608228980322003 0.5619389587073609 0.07960644007155634 0.2585278276481149
8 0.24731663685152058 0.5843806104129263 0.049194991055456175 0.296229802513465
8 0.3152951699463327 0.5933572710951527 0.04203935599284436 0.3105924596050269
8 0.38461538461538464 0.5915619389587073 0.04293381037567084 0.296229802513465
8 0.45080500894454384 0.6283662477558348 0.05008944543828265 0.236983842010772
8 0.5228085867620751 0.6086175942549372 0.05813953488372093 0.2836624775583483
8 0.5948121645796064 0.6238779174147218 0.06440071556350627 0.2746858168761221
8 0.6869409660107334 0.573608617594255 0.08228980322003578 0.2459605026929982
8 0.7634168157423972 0.5017953321364452 0.11359570661896243 0.2244165170556553
8 0.8278175313059034 0.40843806104129265 0.12075134168157424 0.13824057450628366
8 0.8559928443649374 0.26211849192100534 0.11806797853309481 0.08976660682226212
8 0.8649373881932021 0.11938958707360858 0.09660107334525939 0.07719928186714542
