0 0.14054054054054055 0.6509146341463414 0.10270270270270271 0.13109756097560976
0 0.31891891891891894 0.65625 0.08648648648648649 0.10518292682926829
0 0.4445945945945946 0.65625 0.08648648648648649 0.10823170731707317
0 0.5452702702702703 0.6554878048780488 0.07972972972972973 0.08841463414634146
0 0.643918918918919 0.6570121951219512 0.07702702702702703 0.07926829268292683
0 0.8831081081081081 0.6570121951219512 0.08783783783783784 0.09451219512195122
0 0.08851351351351351 0.3003048780487805 0.10405405405405406 0.12804878048780488
0 0.2594594594594595 0.28125 0.13513513513513514 0.1600609756097561
0 0.40743243243243243 0.29115853658536583 0.10675675675675676 0.13719512195121952
0 0.5452702702702703 0.2835365853658537 0.10675675675675676 0.14634146341463414
0 0.8297297297297297 0.2842987804878049 0.07297297297297298 0.09603658536585366
