8 0.18771331058020477 0.5740740740740741 0.06655290102389079 0.10052910052910052
8 0.14803754266211605 0.47089947089947093 0.1015358361774744 0.08112874779541446
8 0.26322525597269625 0.5388007054673721 0.07252559726962457 0.2204585537918871
8 0.3515358361774744 0.5211640211640212 0.07337883959044368 0.23809523809523808
8 0.17619453924914677 0.3527336860670194 0.19880546075085323 0.10582010582010581
8 0.44112627986348124 0.5141093474426808 0.051194539249146756 0.19576719576719576
8 0.5081058020477816 0.46737213403880074 0.0537542662116041 0.24338624338624337
8 0.46331058020477817 0.28395061728395066 0.16723549488054607 0.12345679012345678
8 0.5823378839590444 0.4576719576719577 0.050341296928327645 0.3439153439153439
8 0.83660409556314 0.7433862433862434 0.13395904436860068 0.2310405643738977
8 0.7627986348122867 0.5476190476190477 0.16552901023890784 0.3439153439153439
8 0.893344709897611 0.4964726631393298 0.15187713310580206 0.26631393298059963
