8 0.3507259528130672 0.9090909090909091 0.09346642468239565 0.07547169811320754
8 0.455989110707804 0.9005145797598628 0.11705989110707804 0.07204116638078903
8 0.3452813067150635 0.8010291595197255 0.11161524500907441 0.07547169811320754
8 0.4686932849364791 0.8259005145797599 0.1424682395644283 0.09090909090909091
8 0.3371143375680581 0.6732418524871355 0.11887477313974591 0.07375643224699828
8 0.49637023593466423 0.6972555746140652 0.17604355716878403 0.07718696397941681
8 0.3489110707803993 0.555746140651801 0.14065335753176045 0.07204116638078903
8 0.5190562613430127 0.5600343053173242 0.11252268602540835 0.08404802744425385
8 0.4029038112522686 0.4305317324185248 0.2014519056261343 0.051457975986277875
8 0.44464609800362975 0.33104631217838765 0.13611615245009073 0.06174957118353345
8 0.6311252268602541 0.5403087478559176 0.06261343012704174 0.12006861063464837
8 0.5412885662431942 0.2950257289879932 0.05535390199637023 0.14065180102915953
