0 0.11941747572815534 0.6631147540983606 0.06019417475728155 0.09016393442622951
0 0.2092233009708738 0.6598360655737705 0.04757281553398058 0.09016393442622951
0 0.2820388349514563 0.6573770491803279 0.05728155339805825 0.08852459016393442
0 0.41650485436893203 0.659016393442623 0.04854368932038835 0.07868852459016394
0 0.5757281553398058 0.6557377049180328 0.05825242718446602 0.08524590163934426
0 0.6456310679611651 0.6516393442622951 0.062135922330097085 0.08688524590163935
0 0.779126213592233 0.6598360655737705 0.05533980582524272 0.08032786885245902
0 0.0883495145631068 0.3811475409836066 0.05825242718446602 0.09344262295081968
0 0.2436893203883495 0.38278688524590165 0.062135922330097085 0.09672131147540984
0 0.5781553398058252 0.3245901639344262 0.06310679611650485 0.11147540983606558
0 0.6601941747572816 0.35655737704918034 0.04466019417475728 0.1
0 0.7417475728155339 0.3688524590163934 0.04660194174757282 0.10491803278688525
0 0.9228155339805825 0.3819672131147541 0.059223300970873784 0.10491803278688525
