0 0.06774193548387097 0.7285958904109588 0.06359447004608294 0.13184931506849315
0 0.1576036866359447 0.740582191780822 0.0663594470046083 0.1284246575342466
0 0.23225806451612904 0.7508561643835616 0.06267281105990784 0.1113013698630137
0 0.30599078341013825 0.7448630136986301 0.06267281105990784 0.13356164383561644
0 0.3829493087557604 0.7431506849315068 0.06175115207373272 0.1267123287671233
0 0.5834101382488479 0.7636986301369864 0.0663594470046083 0.1267123287671233
0 0.7456221198156682 0.7748287671232876 0.06451612903225806 0.11815068493150685
0 0.8940092165898618 0.7945205479452055 0.05898617511520737 0.1267123287671233
0 0.9271889400921659 0.8929794520547946 0.07557603686635944 0.10787671232876712
0 0.10691244239631337 0.11643835616438358 0.06267281105990784 0.0958904109589041
0 0.18387096774193548 0.14726027397260277 0.06359447004608294 0.1267123287671233
0 0.2622119815668203 0.1446917808219178 0.07465437788018434 0.1695205479452055
0 0.3599078341013825 0.13869863013698636 0.07649769585253456 0.16095890410958905
0 0.4631336405529954 0.1523972602739726 0.07465437788018434 0.1678082191780822
0 0.588479262672811 0.17037671232876717 0.08018433179723503 0.1558219178082192
0 0.6797235023041475 0.16523972602739723 0.07834101382488479 0.16267123287671234
0 0.7797235023041474 0.17380136986301364 0.07557603686635944 0.16267123287671234
0 0.8820276497695853 0.18578767123287676 0.09216589861751152 0.1934931506849315
0 0.9594470046082949 0.21318493150684936 0.04976958525345622 0.09417808219178082
0 0.471889400921659 0.5684931506849316 0.06267281105990784 0.13013698630136986
0 0.4695852534562212 0.3595890410958904 0.06359447004608294 0.0821917808219178
