0 0.15278969957081545 0.7422003284072249 0.06866952789699571 0.13464696223316913
0 0.09227467811158799 0.5763546798029557 0.07296137339055794 0.10837438423645321
0 0.07424892703862661 0.3875205254515599 0.09184549356223176 0.12151067323481117
0 0.19399141630901287 0.1584564860426929 0.06523605150214593 0.11986863711001643
0 0.46866952789699573 0.7701149425287357 0.07210300429184549 0.1444991789819376
0 0.5712446351931331 0.8037766830870279 0.07296137339055794 0.13957307060755336
0 0.6699570815450644 0.8604269293924467 0.07982832618025751 0.1510673234811166
0 0.8686695278969957 0.8308702791461412 0.08068669527896996 0.12151067323481117
0 0.9051502145922746 0.6592775041050903 0.06952789699570816 0.12315270935960591
0 0.9210300429184549 0.4688013136288999 0.0927038626609442 0.13957307060755336
