0 0.5 0.8168761220825853 0.06281156530408774 0.118491921005386
0 0.5822532402791625 0.7540394973070018 0.06580259222333001 0.12208258527827648
0 0.6590229312063809 0.6543985637342908 0.06779661016949153 0.1310592459605027
0 0.7367896311066799 0.5592459605026929 0.06979062811565304 0.14183123877917414
0 0.8300099700897308 0.5008976660682226 0.07676969092721835 0.13644524236983843
0 0.22931206380857427 0.4111310592459605 0.07577268195413758 0.0933572710951526
0 0.16849451645064806 0.26211849192100534 0.08574277168494517 0.118491921005386
0 0.0992023928215354 0.11938958707360858 0.08275174476570289 0.12387791741472172
9 0.5019940179461615 0.251346499102334 0.028913260219341975 0.05026929982046679
9 0.5014955134596212 0.1903052064631957 0.02991026919242273 0.05026929982046679
