1 0.8611971104231166 0.3559096945551129 0.04437564499484004 0.06108897742363878
1 0.8343653250773994 0.4428950863213812 0.04643962848297214 0.0650730411686587
1 0.8142414860681114 0.3804780876494024 0.043343653250773995 0.06241699867197875
1 0.7471620227038184 0.5166002656042497 0.043343653250773995 0.06108897742363878
1 0.7296181630546955 0.4561752988047809 0.043343653250773995 0.06241699867197875
1 0.6924664602683178 0.5252324037184595 0.043343653250773995 0.0650730411686587
1 0.6656346749226006 0.47277556440903057 0.0392156862745098 0.055776892430278883
1 0.5572755417956656 0.6460823373173971 0.03715170278637771 0.05179282868525897
1 0.542827657378741 0.5962815405046481 0.03715170278637771 0.05046480743691899
1 0.5201238390092879 0.6653386454183268 0.03715170278637771 0.05312084993359894
1 0.5046439628482973 0.6155378486055777 0.0392156862745098 0.049136786188579015
1 0.48761609907120745 0.5644090305444887 0.038183694530443756 0.05312084993359894
1 0.27296181630546956 0.8180610889774236 0.025799793601651185 0.034528552456839307
1 0.2631578947368421 0.7901726427622842 0.02476780185758514 0.034528552456839307
