3 0.10111223458038422 0.6381461675579323 0.03842264914054601 0.12477718360071301
3 0.14812942366026288 0.624777183600713 0.05156723963599596 0.12299465240641712
3 0.2057633973710819 0.6140819964349375 0.055611729019211326 0.11942959001782531
3 0.2522750252780586 0.606951871657754 0.05156723963599596 0.12299465240641712
3 0.30788675429726997 0.5998217468805704 0.04954499494438827 0.11942959001782531
3 0.3543983822042467 0.5935828877005347 0.05358948432760364 0.11764705882352941
3 0.4120323559150657 0.5793226381461676 0.047522750252780584 0.11764705882352941
3 0.4585439838220425 0.571301247771836 0.05156723963599596 0.11942959001782531
3 0.5232558139534884 0.5641711229946524 0.04954499494438827 0.12299465240641712
3 0.5738119312436805 0.5525846702317291 0.05156723963599596 0.12121212121212122
3 0.6309403437815976 0.5445632798573975 0.046511627906976744 0.1265597147950089
3 0.6814964610717897 0.5374331550802138 0.04853387259858443 0.1265597147950089
3 0.7391304347826086 0.5294117647058824 0.046511627906976744 0.1319073083778966
3 0.6309403437815976 0.3226381461675579 0.046511627906976744 0.1497326203208556
3 0.6830131445904954 0.31016042780748665 0.047522750252780584 0.1497326203208556
3 0.7441860465116279 0.3048128342245989 0.05055611729019211 0.1497326203208556
3 0.7957532861476239 0.2941176470588235 0.05055611729019211 0.14260249554367202
