6 0.9248847926267281 0.8585572842998586 0.034101382488479264 0.07920792079207921
6 0.8331797235023042 0.5898161244695899 0.055299539170506916 0.056577086280056574
6 0.8658986175115208 0.5212164073550212 0.05069124423963134 0.055162659123055166
6 0.7345622119815668 0.5226308345120226 0.04423963133640553 0.04950495049504951
6 0.7400921658986175 0.4391796322489392 0.0423963133640553 0.04950495049504951
6 0.6953917050691244 0.40947666195190946 0.041474654377880185 0.04667609618104668
6 0.5907834101382489 0.42998585572842996 0.047926267281105994 0.05374823196605375
6 0.588479262672811 0.3373408769448374 0.047004608294930875 0.05233380480905234
6 0.5364055299539171 0.30127298444130124 0.047926267281105994 0.05374823196605375
6 0.2880184331797235 0.13012729844413018 0.04884792626728111 0.05091937765205092
6 0.2894009216589862 0.2213578500707214 0.04423963133640553 0.05233380480905234
6 0.1976958525345622 0.2758132956152758 0.035944700460829496 0.07920792079207921
6 0.16129032258064516 0.4214992927864215 0.029493087557603687 0.07920792079207921
6 0.14838709677419354 0.6004243281471005 0.023963133640552997 0.08345120226308345
6 0.08801843317972351 0.8196605374823196 0.026728110599078342 0.08345120226308345
6 0.06359447004608294 0.07779349363507782 0.05161290322580645 0.031117397454031116
6 0.1184331797235023 0.10254596888260259 0.041474654377880185 0.03253182461103253
6 0.39078341013824885 0.29490806223479493 0.04608294930875576 0.03818953323903819
6 0.5451612903225806 0.3988684582743989 0.04331797235023042 0.033946251768033946
6 0.9018433179723502 0.6371994342291372 0.047004608294930875 0.04101838755304102
6 0.09907834101382489 0.5622347949080622 0.02304147465437788 0.06647807637906648
