6 0.27425373134328357 0.24137931034482762 0.05037313432835821 0.040229885057471264
6 0.3903917910447761 0.1875 0.028917910447761194 0.07902298850574713
6 0.34701492537313433 0.6587643678160919 0.027985074626865673 0.07327586206896551
6 0.5200559701492538 0.8527298850574713 0.04757462686567164 0.04741379310344827
6 0.6781716417910447 0.7880747126436781 0.04664179104477612 0.04454022988505747
6 0.11287313432835822 0.9633620689655172 0.04664179104477612 0.035919540229885055
6 0.45755597014925375 0.8764367816091954 0.0457089552238806 0.04310344827586207
6 0.9081156716417911 0.7844827586206897 0.04757462686567164 0.04310344827586207
6 0.9626865671641791 0.764367816091954 0.04477611940298507 0.040229885057471264
6 0.2789179104477612 0.19755747126436785 0.054104477611940295 0.027298850574712645
