0 0.12740384615384615 0.31218274111675126 0.058653846153846154 0.08967851099830795
0 0.11826923076923077 0.07529610829103217 0.06923076923076923 0.09306260575296109
0 0.21153846153846154 0.3003384094754653 0.06153846153846154 0.10321489001692047
0 0.3 0.32064297800338415 0.05384615384615385 0.09983079526226735
0 0.21826923076923077 0.5795262267343486 0.04807692307692308 0.08629441624365482
0 0.29615384615384616 0.6607445008460238 0.05576923076923077 0.09306260575296109
0 0.4028846153846154 0.8206429780033841 0.04807692307692308 0.07445008460236886
0 0.60625 0.9230118443316413 0.0625 0.07952622673434856
0 0.5956730769230769 0.7182741116751269 0.06634615384615385 0.09306260575296109
0 0.6932692307692307 0.6565143824027073 0.046153846153846156 0.08798646362098139
0 0.7932692307692307 0.6818950930626058 0.05576923076923077 0.09475465313028765
0 0.73125 0.3536379018612521 0.06442307692307692 0.1116751269035533
0 0.9322115384615385 0.560067681895093 0.058653846153846154 0.09137055837563451
0 0.9120192307692307 0.4407783417935702 0.06634615384615385 0.08967851099830795
