9 0.1306423611111111 0.9016393442622951 0.07725694444444445 0.03278688524590164
9 0.3888888888888889 0.9031296572280179 0.0798611111111111 0.03576751117734724
9 0.4796006944444444 0.9001490312965723 0.07725694444444445 0.03576751117734724
9 0.05164930555555555 0.8107302533532041 0.04079861111111111 0.11326378539493294
9 0.10286458333333333 0.3435171385991058 0.07899305555555555 0.03427719821162444
9 0.2738715277777778 0.3017883755588674 0.06510416666666667 0.03129657228017884
9 0.4978298611111111 0.0961251862891207 0.0234375 0.13561847988077497
9 0.7356770833333334 0.33383010432190763 0.07378472222222222 0.03576751117734724
9 0.87109375 0.293591654247392 0.05642361111111111 0.09538002980625931
1 0.4800347222222222 0.7690014903129657 0.04513888888888889 0.07749627421758569
1 0.4796006944444444 0.6855439642324888 0.04600694444444445 0.07451564828614009
1 0.4774305555555556 0.6080476900149031 0.04513888888888889 0.07451564828614009
1 0.6019965277777778 0.6833084947839045 0.042534722222222224 0.07302533532041729
1 0.6015625 0.6065573770491803 0.041666666666666664 0.07451564828614009
1 0.6588541666666666 0.6169895678092399 0.046875 0.07749627421758569
1 0.7100694444444444 0.6162444113263785 0.04513888888888889 0.07600596125186289
