5 0.2666980244590781 0.5125418060200668 0.2756349952963311 0.4397993311036789
3 0.5649106302916275 0.3210702341137124 0.04609595484477893 0.07357859531772576
3 0.5912511759172154 0.28846153846153844 0.04421448730009407 0.08193979933110368
3 0.6161806208842897 0.2575250836120402 0.041392285983066796 0.10033444816053512
3 0.6458137347130762 0.22073578595317722 0.04609595484477893 0.10033444816053512
3 0.6745061147695203 0.18812709030100339 0.043273753527751646 0.09866220735785954
3 0.6984948259642522 0.15969899665551834 0.04045155221072436 0.09531772575250837
3 0.6124176857949201 0.42140468227424754 0.03951081843838194 0.08361204013377926
3 0.6368767638758231 0.39632107023411367 0.03386641580432737 0.08695652173913043
3 0.6627469426152399 0.36454849498327757 0.04233301975540922 0.09698996655518395
3 0.6890874882408279 0.3352842809364549 0.04421448730009407 0.09866220735785954
3 0.7182502351834431 0.3001672240802675 0.04233301975540922 0.09197324414715718
3 0.7436500470366886 0.27090301003344486 0.03857008466603951 0.0903010033444816
2 0.8452492944496708 0.4364548494983278 0.16839134524929444 0.18394648829431437
