1 0.07233796296296297 0.419260700389105 0.03935185185185185 0.058365758754863814
1 0.07349537037037036 0.3443579766536965 0.04861111111111111 0.07392996108949416
1 0.07494212962962964 0.2334630350194552 0.045717592592592594 0.07198443579766536
1 0.07494212962962964 0.14931906614785995 0.048032407407407406 0.07295719844357977
1 0.13744212962962962 0.29036964980544744 0.045717592592592594 0.07101167315175097
1 0.13599537037037038 0.21643968871595332 0.04513888888888889 0.07295719844357977
1 0.13744212962962962 0.1391050583657587 0.04918981481481482 0.07003891050583658
1 0.1947337962962963 0.2962062256809338 0.045717592592592594 0.07490272373540856
1 0.1947337962962963 0.2183852140077821 0.048032407407407406 0.07295719844357977
1 0.2604166666666667 0.2952334630350194 0.04861111111111111 0.07879377431906615
1 0.2621527777777778 0.2169260700389105 0.04861111111111111 0.08171206225680934
1 0.26186342592592593 0.11819066147859925 0.050347222222222224 0.07684824902723736
1 0.3133680555555556 0.2996108949416343 0.046875 0.07587548638132295
1 0.31278935185185186 0.2188715953307393 0.048032407407407406 0.07782101167315175
1 0.3744212962962963 0.308852140077821 0.04282407407407408 0.061284046692607
1 0.3761574074074074 0.24367704280155644 0.04050925925925926 0.0632295719844358
1 0.37702546296296297 0.16536964980544744 0.041087962962962965 0.06420233463035019
1 0.37702546296296297 0.09922178988326846 0.041087962962962965 0.0622568093385214
1 0.4175347222222222 0.311284046692607 0.03993055555555555 0.06420233463035019
1 0.41608796296296297 0.24367704280155644 0.04050925925925926 0.05933852140077821
1 0.4195601851851852 0.1707198443579766 0.03935185185185185 0.057392996108949414
1 0.41869212962962965 0.10019455252918286 0.041087962962962965 0.06420233463035019
1 0.48032407407407407 0.2981517509727627 0.03935185185185185 0.061284046692607
1 0.5202546296296297 0.2957198443579766 0.037037037037037035 0.06420233463035019
1 0.4820601851851852 0.19892996108949412 0.04398148148148148 0.07879377431906615
1 0.47193287037037035 0.10749027237354081 0.043402777777777776 0.06712062256809338
1 0.5196759259259259 0.10749027237354081 0.04513888888888889 0.07295719844357977
1 0.4994212962962963 0.5496108949416343 0.04398148148148148 0.07003891050583658
1 0.5445601851851852 0.52431906614786 0.04398148148148148 0.07003891050583658
1 0.6009837962962963 0.5311284046692607 0.045717592592592594 0.07782101167315175
1 0.6467013888888888 0.5301556420233463 0.046875 0.07587548638132295
1 0.5737847222222222 0.6799610894941635 0.043402777777777776 0.0622568093385214
1 0.6443865740740741 0.6464007782101167 0.041087962962962965 0.05933852140077821
1 0.7022569444444444 0.7115758754863813 0.043402777777777776 0.06712062256809338
1 0.7442129629629629 0.6857976653696498 0.032407407407407406 0.06031128404669261
1 0.7317708333333334 0.6395914396887159 0.036458333333333336 0.05544747081712062
1 0.7763310185185185 0.6439688715953307 0.041087962962962965 0.06420233463035019
1 0.6061921296296297 0.31906614785992216 0.04456018518518518 0.07587548638132295
1 0.5758101851851852 0.21011673151750976 0.03935185185185185 0.05642023346303502
1 0.5734953703703703 0.15904669260700388 0.034722222222222224 0.057392996108949414
1 0.5758101851851852 0.10749027237354081 0.03935185185185185 0.061284046692607
1 0.6209490740740741 0.21498054474708173 0.03587962962962963 0.058365758754863814
1 0.6200810185185185 0.1566147859922179 0.03761574074074074 0.05252918287937743
1 0.6200810185185185 0.1099221789883269 0.03761574074074074 0.05252918287937743
1 0.6741898148148148 0.20914396887159536 0.04513888888888889 0.07003891050583658
1 0.6739004629629629 0.1391050583657587 0.04456018518518518 0.06420233463035019
1 0.7274305555555556 0.20914396887159536 0.03819444444444445 0.058365758754863814
1 0.7251157407407407 0.142023346303502 0.03935185185185185 0.058365758754863814
1 0.7832754629629629 0.1721789883268483 0.045717592592592594 0.07392996108949416
1 0.8425925925925926 0.2178988326848249 0.03819444444444445 0.05252918287937743
1 0.8408564814814815 0.16245136186770426 0.034722222222222224 0.058365758754863814
1 0.8848379629629629 0.22422178988326846 0.04282407407407408 0.05544747081712062
1 0.8836805555555556 0.1736381322957199 0.041666666666666664 0.0632295719844358
1 0.9311342592592593 0.19114785992217898 0.03819444444444445 0.05933852140077821
1 0.9664351851851852 0.22422178988326846 0.03935185185185185 0.061284046692607
9 0.28935185185185186 0.6541828793774319 0.056712962962962965 0.10797665369649806
9 0.45515046296296297 0.8813229571984436 0.06539351851851852 0.1245136186770428
1 0.6157407407407407 0.7397859922178989 0.03935185185185185 0.0632295719844358
