6 0.07275254865616311 0.8281471004243282 0.04911955514365153 0.03818953323903819
6 0.3934198331788693 0.43988684582743987 0.025023169601482854 0.0876944837340877
6 0.2715477293790547 0.15205091937765203 0.05560704355885079 0.03536067892503536
6 0.3433734939759036 0.15770862800565766 0.047265987025023166 0.03536067892503536
6 0.5945319740500463 0.1598302687411598 0.04355885078776645 0.036775106082036775
6 0.6543095458758109 0.16195190947666194 0.051899907321594066 0.03818953323903819
6 0.6992585727525487 0.2786421499292786 0.04355885078776645 0.033946251768033946
6 0.8470806302131604 0.29349363507779347 0.04633920296570899 0.03536067892503536
6 0.9012974976830399 0.29773691654879775 0.04911955514365153 0.03253182461103253
6 0.6408711770157554 0.27086280056577083 0.04911955514365153 0.03253182461103253
6 0.20342910101946246 0.1499292786421499 0.05097312326227989 0.033946251768033946
