6 0.3352219074598678 0.6430615164520743 0.0339943342776204 0.06437768240343347
6 0.3833805476864967 0.7768240343347639 0.0339943342776204 0.0715307582260372
6 0.26864966949952784 0.1702432045779685 0.044381491973559964 0.05436337625178827
6 0.7507082152974505 0.1344778254649499 0.047214353163361665 0.05722460658082976
6 0.8035882908404155 0.10300429184549353 0.049102927289896126 0.045779685264663805
6 0.5939565627950897 0.8869814020028612 0.0453257790368272 0.04005722460658083
6 0.5802644003777149 0.8133047210300429 0.036827195467422094 0.03862660944206009
6 0.5514636449480642 0.7896995708154506 0.04154863078375826 0.04291845493562232
6 0.5387157695939566 0.7603719599427754 0.036827195467422094 0.03862660944206009
6 0.5302171860245515 0.7267525035765379 0.04060434372049103 0.045779685264663805
6 0.5132200188857413 0.6938483547925608 0.04627006610009443 0.05150214592274678
6 0.5018885741265344 0.6587982832618026 0.03871576959395656 0.04721030042918455
6 0.49008498583569404 0.6216022889842632 0.039660056657223795 0.04721030042918455
6 0.4806421152030217 0.5901287553648069 0.03777148253068933 0.04721030042918455
6 0.5245514636449481 0.5686695278969958 0.04627006610009443 0.05293276108726753
6 0.5165250236071766 0.5321888412017167 0.039660056657223795 0.045779685264663805
6 0.46081208687440983 0.5264663805436338 0.04154863078375826 0.05150214592274678
6 0.502360717658168 0.4971387696709585 0.04343720491029273 0.05293276108726753
6 0.29178470254957506 0.5286123032904149 0.03777148253068933 0.06723891273247497
6 0.17563739376770537 0.22532188841201717 0.030217186024551465 0.06151645207439199
6 0.8385269121813032 0.23748211731044344 0.05099150141643059 0.04864091559370529
