0 0.11061946902654868 0.88604898828541 0.061946902654867256 0.10010649627263046
0 0.19063421828908556 0.8839190628328009 0.0803834808259587 0.10862619808306709
0 0.27986725663716816 0.8951011714589989 0.07743362831858407 0.11182108626198083
0 0.3639380530973451 0.873269435569755 0.07300884955752213 0.10649627263045794
0 0.4450589970501475 0.8551650692225772 0.0700589970501475 0.09584664536741214
0 0.5247050147492626 0.8727369542066028 0.07890855457227139 0.11182108626198083
0 0.6172566371681416 0.8652822151224707 0.06637168141592921 0.09691160809371673
0 0.713495575221239 0.8738019169329073 0.09513274336283185 0.13099041533546327
0 0.8019911504424779 0.8647497337593184 0.07743362831858407 0.12140575079872204
0 0.8838495575221239 0.8620873269435569 0.07743362831858407 0.10969116080937168
0 0.07669616519174041 0.7108626198083068 0.08259587020648967 0.10543130990415335
0 0.11541297935103245 0.43024494142705005 0.07448377581120944 0.08945686900958466
0 0.11910029498525074 0.30244941427050054 0.08628318584070796 0.10223642172523961
0 0.11467551622418878 0.17944621938232164 0.07300884955752213 0.0926517571884984
1 0.5955014749262537 0.46858359957401496 0.04056047197640118 0.0617678381256656
1 0.6213126843657817 0.4195953141640043 0.04056047197640118 0.05324813631522897
1 0.56047197640118 0.4366347177848775 0.04424778761061947 0.0617678381256656
1 0.5807522123893806 0.3855165069222577 0.04056047197640118 0.05750798722044728
1 0.5036873156342183 0.39563365282215124 0.03392330383480826 0.04792332268370607
1 0.525811209439528 0.34504792332268375 0.03392330383480826 0.04898828541001065
1 0.47271386430678464 0.3679446219382322 0.03392330383480826 0.04579339723109691
1 0.4948377581120944 0.31576144834930775 0.030973451327433628 0.04792332268370607
1 0.441740412979351 0.3391906283280085 0.030973451327433628 0.043663471778487756
1 0.4631268436578171 0.288604898828541 0.032448377581120944 0.046858359957401494
1 0.3746312684365782 0.46485623003194887 0.029498525073746312 0.03727369542066028
1 0.35766961651917406 0.5021299254526091 0.022123893805309734 0.03727369542066028
