1 0.4204152249134948 0.8378176382660687 0.0328719723183391 0.05530642750373692
1 0.47058823529411764 0.8378176382660687 0.0328719723183391 0.05530642750373692
1 0.5082179930795848 0.8378176382660687 0.03373702422145329 0.05530642750373692
1 0.5579584775086506 0.8378176382660687 0.0328719723183391 0.05530642750373692
1 0.6072664359861591 0.8370702541106129 0.0328719723183391 0.053811659192825115
1 0.6461937716262975 0.8385650224215246 0.03460207612456748 0.05680119581464873
1 0.3486159169550173 0.7802690582959642 0.03460207612456748 0.05680119581464873
1 0.4005190311418685 0.7802690582959642 0.03460207612456748 0.05680119581464873
1 0.439878892733564 0.7802690582959642 0.03200692041522491 0.05680119581464873
1 0.48918685121107264 0.7802690582959642 0.03200692041522491 0.05680119581464873
1 0.5393598615916955 0.7787742899850523 0.03200692041522491 0.053811659192825115
1 0.5761245674740484 0.7802690582959642 0.0328719723183391 0.053811659192825115
1 0.6271626297577855 0.7795216741405082 0.0328719723183391 0.052316890881913304
1 0.319636678200692 0.7361733931240657 0.03546712802768166 0.05829596412556054
1 0.319636678200692 0.6666666666666667 0.03546712802768166 0.059790732436472344
9 0.4913494809688581 0.30642750373692074 0.0986159169550173 0.029895366218236172
9 0.8131487889273357 0.23542600896860988 0.06055363321799308 0.10014947683109118
