9 0.12028301886792453 0.6767317939609236 0.07075471698113207 0.08170515097690942
9 0.38018867924528305 0.8880994671403197 0.07358490566037736 0.06394316163410302
9 0.23915094339622642 0.4991119005328597 0.07452830188679245 0.05328596802841918
9 0.14245283018867924 0.10923623445825936 0.0830188679245283 0.06216696269982238
9 0.4339622641509434 0.48401420959147423 0.04339622641509434 0.08348134991119005
9 0.439622641509434 0.10479573712255774 0.07169811320754717 0.13143872113676733
9 0.590566037735849 0.8934280639431617 0.05471698113207547 0.04262877442273535
9 0.6023584905660377 0.5852575488454708 0.07075471698113207 0.06571936056838366
9 0.8330188679245283 0.7939609236234458 0.04905660377358491 0.046181172291296625
9 0.7476415094339622 0.23445825932504438 0.05377358490566038 0.04262877442273535
