6 0.6115241635687733 0.14872521246458925 0.046468401486988845 0.056657223796033995
6 0.7815985130111525 0.4922096317280453 0.05018587360594796 0.05240793201133145
6 0.862453531598513 0.6409348441926346 0.022304832713754646 0.07507082152974505
6 0.8889405204460966 0.6713881019830028 0.02509293680297398 0.07365439093484419
6 0.9186802973977695 0.7110481586402266 0.02509293680297398 0.0821529745042493
6 0.8954460966542751 0.8803116147308782 0.039962825278810406 0.07790368271954674
6 0.8424721189591078 0.7854107648725213 0.05111524163568773 0.03824362606232295
6 0.6779739776951673 0.5453257790368272 0.056691449814126396 0.036827195467422094
6 0.6236059479553904 0.46813031161473084 0.05390334572490706 0.03824362606232295
6 0.5938661710037175 0.43342776203966005 0.048327137546468404 0.036827195467422094
6 0.6482342007434945 0.8186968838526912 0.0362453531598513 0.0708215297450425
6 0.6277881040892194 0.7953257790368272 0.03810408921933085 0.06657223796033994
6 0.5827137546468402 0.7521246458923513 0.03903345724907063 0.0708215297450425
6 0.5655204460966543 0.7280453257790368 0.032527881040892194 0.06515580736543909
6 0.5441449814126395 0.7075070821529745 0.03810408921933085 0.06940509915014165
6 0.525092936802974 0.6841359773371105 0.03903345724907063 0.07365439093484419
6 0.5055762081784386 0.655099150141643 0.03717472118959108 0.06373937677053824
6 0.4837360594795539 0.5559490084985836 0.041821561338289966 0.060906515580736544
6 0.48977695167286245 0.5226628895184136 0.03903345724907063 0.053824362606232294
6 0.5097583643122676 0.4929178470254958 0.039962825278810406 0.056657223796033995
6 0.5311338289962825 0.4490084985835694 0.02509293680297398 0.0764872521246459
6 0.5599442379182156 0.46033994334277617 0.02137546468401487 0.06232294617563739
6 0.5808550185873605 0.4978753541076487 0.024163568773234202 0.07790368271954674
6 0.487453531598513 0.40934844192634556 0.04368029739776952 0.06232294617563739
6 0.4679368029739777 0.4511331444759207 0.039962825278810406 0.05524079320113314
6 0.4474907063197026 0.47167138810198306 0.047397769516728624 0.0679886685552408
6 0.4298327137546468 0.5014164305949009 0.04553903345724907 0.06515580736543909
6 0.4144981412639405 0.5325779036827196 0.05204460966542751 0.06232294617563739
6 0.40148698884758366 0.5694050991501416 0.048327137546468404 0.053824362606232294
6 0.391728624535316 0.6104815864022664 0.04368029739776952 0.053824362606232294
6 0.38382899628252787 0.655099150141643 0.040892193308550186 0.04107648725212465
6 0.37267657992565056 0.6947592067988668 0.05018587360594796 0.046742209631728045
6 0.354089219330855 0.5021246458923513 0.05390334572490706 0.046742209631728045
6 0.3447955390334573 0.4383852691218131 0.03903345724907063 0.05240793201133145
6 0.39730483271375466 0.38243626062322944 0.0604089219330855 0.0764872521246459
6 0.43029739776951675 0.6777620396600567 0.03903345724907063 0.06657223796033994
6 0.45399628252788105 0.7046742209631728 0.03810408921933085 0.06657223796033994
6 0.4962825278810409 0.7464589235127479 0.03345724907063197 0.06232294617563739
6 0.5148698884758365 0.768413597733711 0.03345724907063197 0.060906515580736544
6 0.5325278810408922 0.7946175637393768 0.03717472118959108 0.0764872521246459
6 0.5548327137546468 0.8116147308781869 0.03717472118959108 0.0679886685552408
6 0.574814126394052 0.8385269121813032 0.03810408921933085 0.0764872521246459
6 0.5278810408921933 0.8923512747875354 0.03903345724907063 0.07365439093484419
6 0.4851301115241636 0.8392351274787535 0.031598513011152414 0.060906515580736544
6 0.46189591078066916 0.8201133144475921 0.03345724907063197 0.06232294617563739
6 0.4186802973977695 0.7797450424929179 0.0362453531598513 0.06940509915014165
6 0.3949814126394052 0.7592067988668555 0.03903345724907063 0.0764872521246459
6 0.13011152416356878 0.40793201133144474 0.026022304832713755 0.08781869688385269
6 0.2016728624535316 0.38031161473087816 0.027881040892193308 0.060906515580736544
6 0.45539033457249073 0.3194050991501416 0.046468401486988845 0.06940509915014165
6 0.5120817843866171 0.3541076487252125 0.048327137546468404 0.031161473087818695
6 0.5599442379182156 0.35481586402266285 0.04553903345724907 0.029745042492917848
6 0.5841078066914498 0.39164305949008493 0.04368029739776952 0.029745042492917848
6 0.4804832713754647 0.036118980169971726 0.040892193308550186 0.06373937677053824
6 0.6068773234200744 0.5240793201133145 0.024163568773234202 0.056657223796033995
6 0.6370817843866171 0.5587818696883853 0.023234200743494422 0.060906515580736544
6 0.6533457249070632 0.5035410764872521 0.05018587360594796 0.03541076487252125
6 0.6881970260223048 0.6451841359773371 0.023234200743494422 0.06373937677053824
6 0.703996282527881 0.5821529745042493 0.05111524163568773 0.031161473087818695
6 0.5464684014869888 0.9185552407932012 0.03717472118959108 0.05524079320113314
6 0.5724907063197026 0.9320113314447592 0.031598513011152414 0.056657223796033995
6 0.5975836431226765 0.8647308781869688 0.03345724907063197 0.05807365439093484
6 0.866635687732342 0.8229461756373938 0.047397769516728624 0.039660056657223795
6 0.8094795539033457 0.7471671388101984 0.05204460966542751 0.03541076487252125
6 0.7546468401486989 0.09348441926345608 0.040892193308550186 0.0764872521246459
6 0.4628252788104089 0.6111898016997167 0.04275092936802974 0.060906515580736544
6 0.48605947955390333 0.6324362606232294 0.03531598513011153 0.05524079320113314
