8 0.33191489361702126 0.8099099099099099 0.03829787234042553 0.18558558558558558
8 0.2712765957446808 0.7432432432432432 0.1595744680851064 0.05945945945945946
8 0.2622340425531915 0.5981981981981982 0.16276595744680852 0.0972972972972973
8 0.23351063829787233 0.4540540540540541 0.13085106382978723 0.07207207207207207
8 0.4175531914893617 0.4774774774774775 0.19893617021276597 0.05765765765765766
8 0.451063829787234 0.918018018018018 0.1127659574468085 0.06666666666666667
8 0.4553191489361702 0.7828828828828829 0.13191489361702127 0.09549549549549549
8 0.45053191489361705 0.6189189189189189 0.14148936170212767 0.10270270270270271
8 0.6324468085106383 0.8954954954954955 0.12872340425531914 0.10810810810810811
8 0.648936170212766 0.7198198198198198 0.13404255319148936 0.1063063063063063
8 0.6595744680851063 0.5531531531531532 0.13829787234042554 0.1009009009009009
8 0.6670212765957447 0.3792792792792793 0.1425531914893617 0.1063063063063063
8 0.701063829787234 0.22792792792792793 0.20425531914893616 0.06666666666666667
