1 0.7165523156089194 0.6581508515815084 0.054030874785591765 0.0827250608272506
1 0.6886792452830188 0.5675182481751825 0.058319039451114926 0.08394160583941605
1 0.6633790737564322 0.4720194647201946 0.057461406518010294 0.0851581508515815
1 0.782590051457976 0.6186131386861313 0.05574614065180103 0.08394160583941605
1 0.7577186963979416 0.5279805352798054 0.054030874785591765 0.0827250608272506
1 0.7277015437392796 0.431265206812652 0.05917667238421955 0.08150851581508516
1 0.847770154373928 0.5815085158150852 0.057461406518010294 0.09002433090024331
1 0.8216123499142367 0.48661800486618 0.051457975986277875 0.0827250608272506
1 0.7950257289879932 0.39476885644768855 0.060034305317324184 0.09124087591240876
1 0.9232418524871355 0.4209245742092458 0.054030874785591765 0.07785888077858881
1 0.9056603773584906 0.35766423357664234 0.058319039451114926 0.09245742092457421
1 0.8872212692967409 0.29622871046228716 0.054030874785591765 0.09124087591240876
1 0.869639794168096 0.23236009732360097 0.058319039451114926 0.09002433090024331
