3 0.2563291139240506 0.7793103448275862 0.056962025316455694 0.11724137931034483
3 0.3048523206751055 0.7939655172413793 0.05907172995780591 0.11206896551724138
3 0.35337552742616035 0.8129310344827586 0.06118143459915612 0.11551724137931034
3 0.4345991561181435 0.7560344827586207 0.06329113924050633 0.11896551724137931
3 0.4831223628691983 0.775 0.05907172995780591 0.11551724137931034
3 0.5675105485232067 0.7146551724137931 0.06540084388185655 0.12241379310344827
3 0.6139240506329114 0.7318965517241379 0.06751054852320675 0.11896551724137931
3 0.21518987341772153 0.5594827586206896 0.06118143459915612 0.12931034482758622
3 0.26635021097046413 0.5801724137931035 0.060126582278481014 0.12586206896551724
3 0.31751054852320676 0.5974137931034482 0.05907172995780591 0.12586206896551724
3 0.4029535864978903 0.5336206896551724 0.06118143459915612 0.13275862068965516
3 0.4541139240506329 0.5517241379310345 0.06434599156118144 0.12758620689655173
3 0.5432489451476793 0.48879310344827587 0.06962025316455696 0.13275862068965516
3 0.5938818565400844 0.5086206896551724 0.06962025316455696 0.13448275862068965
3 0.6439873417721519 0.5301724137931034 0.07278481012658228 0.13275862068965516
3 0.5944092827004219 0.23793103448275865 0.07278481012658228 0.15172413793103448
3 0.6476793248945147 0.26120689655172413 0.07172995780590717 0.15
3 0.70042194092827 0.2836206896551724 0.07383966244725738 0.15
