1 0.20998980632008155 0.7735483870967742 0.0326197757390418 0.04774193548387097
1 0.2415902140672783 0.804516129032258 0.034658511722731905 0.04258064516129032
1 0.2686034658511723 0.7677419354838709 0.03363914373088685 0.04387096774193548
1 0.2344546381243629 0.7361290322580645 0.034658511722731905 0.04258064516129032
1 0.4836901121304791 0.4890322580645161 0.03363914373088685 0.04129032258064516
1 0.5790010193679919 0.5309677419354839 0.0326197757390418 0.04516129032258064
1 0.6605504587155964 0.5632258064516129 0.03669724770642202 0.04774193548387097
1 0.6778797145769623 0.5193548387096774 0.034658511722731905 0.05032258064516129
1 0.8481141692150866 0.3838709677419355 0.0326197757390418 0.05032258064516129
1 0.8690112130479103 0.3380645161290322 0.03160040774719674 0.04645161290322581
1 0.9072375127420998 0.32838709677419353 0.03669724770642202 0.05290322580645161
