9 0.07129000969932105 0.9432907348242812 0.08826382153249272 0.06549520766773163
9 0.06789524733268672 0.8714057507987221 0.06013579049466537 0.05591054313099041
9 0.15518913676042678 0.9049520766773163 0.07177497575169738 0.04952076677316294
9 0.22696411251212414 0.8682108626198083 0.07565470417070805 0.05910543130990415
9 0.2909796314258002 0.7348242811501597 0.09893307468477207 0.08306709265175719
9 0.40979631425800195 0.6261980830670926 0.0921435499515034 0.10223642172523961
9 0.526188166828322 0.6349840255591055 0.07468477206595538 0.08466453674121406
9 0.6445198836081474 0.5151757188498403 0.11154219204655674 0.12619808306709265
9 0.7793404461687682 0.3562300319488818 0.11348205625606207 0.15335463258785942
9 0.7434529582929195 0.22683706070287535 0.09408341416100872 0.17252396166134185
