5 0.5218023255813954 0.3992890995260664 0.5494186046511628 0.514218009478673
3 0.8401162790697675 0.4928909952606635 0.06395348837209303 0.13270142180094788
3 0.8866279069767442 0.49763033175355453 0.06686046511627906 0.13270142180094788
3 0.7390988372093024 0.6291469194312795 0.059593023255813955 0.13033175355450238
3 0.779796511627907 0.6338862559241707 0.056686046511627904 0.13033175355450238
3 0.8212209302325582 0.6386255924170616 0.055232558139534885 0.12085308056872038
3 0.8590116279069767 0.6445497630331753 0.05813953488372093 0.11848341232227488
3 0.7667151162790697 0.7654028436018957 0.059593023255813955 0.11848341232227488
3 0.8088662790697675 0.7725118483412322 0.059593023255813955 0.11374407582938388
2 0.5763081395348837 0.8732227488151658 0.12354651162790697 0.14454976303317535
