6 0.7694898941289702 0.686246418338109 0.04908565928777671 0.04871060171919771
6 0.5543792107795957 0.6339541547277937 0.026948989412897015 0.08452722063037249
6 0.45476419634263715 0.582378223495702 0.02791145332050048 0.07593123209169055
6 0.4629451395572666 0.49283667621776506 0.032723772858517804 0.10315186246418338
6 0.4754571703561116 0.2915472779369628 0.026948989412897015 0.07879656160458452
6 0.253609239653513 0.7786532951289398 0.05678537054860443 0.055873925501432664
6 0.1867179980750722 0.5587392550143266 0.032723772858517804 0.07163323782234957
6 0.17276227141482195 0.3438395415472779 0.03176130895091434 0.07449856733524356
6 0.12993262752646775 0.3918338108882522 0.032723772858517804 0.07020057306590258
6 0.07747834456207892 0.42191977077363896 0.03368623676612127 0.07020057306590258
6 0.10250240615976901 0.8789398280802292 0.05101058710298364 0.044412607449856735
6 0.09624639076034648 0.8416905444126075 0.04619826756496631 0.04154727793696275
6 0.09143407122232916 0.7979942693409742 0.04427333974975938 0.04871060171919771
6 0.08902791145332051 0.7521489971346704 0.04716073147256978 0.05157593123209169
6 0.35274302213666986 0.917621776504298 0.03368623676612127 0.07879656160458452
