0 0.05375 0.6364705882352941 0.050833333333333335 0.1623529411764706
0 0.11125 0.6435294117647059 0.049166666666666664 0.15294117647058825
0 0.1675 0.6635294117647059 0.04833333333333333 0.15058823529411763
0 0.22625 0.6611764705882353 0.0475 0.14588235294117646
0 0.2816666666666667 0.6729411764705882 0.051666666666666666 0.14588235294117646
0 0.34 0.6905882352941177 0.051666666666666666 0.14352941176470588
0 0.39708333333333334 0.7058823529411764 0.04416666666666667 0.14588235294117646
0 0.44583333333333336 0.7282352941176471 0.045 0.12941176470588237
0 0.5579166666666666 0.7176470588235294 0.0425 0.15058823529411763
0 0.6066666666666667 0.7376470588235294 0.043333333333333335 0.14823529411764705
0 0.6575 0.7458823529411764 0.043333333333333335 0.14588235294117646
0 0.7116666666666667 0.7376470588235294 0.04666666666666667 0.14823529411764705
0 0.76 0.7517647058823529 0.045 0.14823529411764705
0 0.8083333333333333 0.7647058823529411 0.04666666666666667 0.14588235294117646
0 0.86 0.7741176470588236 0.045 0.14588235294117646
0 0.915 0.7741176470588236 0.041666666666666664 0.1411764705882353
0 0.09333333333333334 0.2741176470588236 0.04666666666666667 0.1623529411764706
0 0.2679166666666667 0.2941176470588235 0.0575 0.16941176470588235
0 0.32958333333333334 0.2941176470588235 0.03916666666666667 0.15058823529411763
0 0.53125 0.34352941176470586 0.050833333333333335 0.12705882352941175
0 0.65 0.3917647058823529 0.056666666666666664 0.16705882352941176
0 0.7708333333333334 0.3752941176470588 0.043333333333333335 0.14352941176470588
0 0.8270833333333333 0.4 0.05583333333333333 0.16470588235294117
0 0.8854166666666666 0.39647058823529413 0.0475 0.14823529411764705
0 0.9429166666666666 0.4258823529411765 0.0425 0.15529411764705883
0 0.6970833333333334 0.1470588235294118 0.06916666666666667 0.13411764705882354
