3 0.28556806550665303 0.28101071975497705 0.042988741044012284 0.1332312404287902
3 0.33930399181166837 0.28637059724349156 0.04196519959058342 0.12557427258805512
3 0.2507676560900716 0.4632465543644717 0.04094165813715456 0.11485451761102604
3 0.3014329580348004 0.4632465543644717 0.03991811668372569 0.11179173047473201
3 0.3510747185261003 0.46477794793261873 0.04912998976458546 0.11179173047473201
3 0.24411463664278404 0.7733537519142419 0.03582395087001024 0.09188361408882083
3 0.28863868986693964 0.7733537519142419 0.038894575230296824 0.09188361408882083
3 0.330603889457523 0.7733537519142419 0.0368474923234391 0.09188361408882083
3 0.37615148413510746 0.7733537519142419 0.03991811668372569 0.09188361408882083
3 0.44012282497441146 0.8277182235834609 0.0368474923234391 0.09341500765696784
3 0.481064483111566 0.8277182235834609 0.038894575230296824 0.09341500765696784
7 0.9160696008188332 0.7656967840735069 0.15762538382804503 0.18683001531393567
