6 0.88124410933082 0.30681818181818177 0.05089538171536286 0.05397727272727273
6 0.39255419415645615 0.125 0.03110273327049953 0.06818181818181818
6 0.43873704052780393 0.25284090909090906 0.029217719132893498 0.06818181818181818
6 0.553722902921772 0.5447443181818181 0.05372290292177191 0.05539772727272727
6 0.6343072573044298 0.5752840909090908 0.02827521206409048 0.07954545454545454
6 0.4288407163053723 0.7258522727272727 0.033930254476908575 0.07386363636363637
6 0.2855796418473139 0.7833806818181819 0.043355325164938736 0.05539772727272727
6 0.6738925541941565 0.9325284090909091 0.03204524033930255 0.05539772727272727
6 0.6955702167766258 0.921875 0.03204524033930255 0.05397727272727273
6 0.732799245994345 0.8970170454545454 0.03110273327049953 0.06676136363636363
6 0.7813383600377003 0.8572443181818181 0.033930254476908575 0.08096590909090909
6 0.882186616399623 0.7798295454545454 0.030160226201696512 0.07102272727272728
6 0.9081055607917059 0.7684659090909091 0.03298774740810556 0.07954545454545454
6 0.9321394910461829 0.7428977272727273 0.02827521206409048 0.07386363636363637
6 0.9557021677662583 0.7215909090909092 0.030160226201696512 0.06534090909090909
6 0.1239396795475966 0.9538352272727273 0.04429783223374175 0.06960227272727272
6 0.15127238454288408 0.6690340909090908 0.04052780395852969 0.06534090909090909
6 0.49858623939679547 0.5880681818181819 0.03770028275212064 0.05113636363636364
6 0.6852026390197926 0.24573863636363635 0.033930254476908575 0.07386363636363637
6 0.7097078228086711 0.2194602272727273 0.03770028275212064 0.08096590909090909
6 0.8242224316682375 0.35724431818181823 0.04241281809613572 0.04971590909090909
6 0.7577756833176249 0.8870738636363636 0.03958529688972667 0.08380681818181818
6 0.46842601319509897 0.32599431818181823 0.04147031102733271 0.08096590909090909
