9 0.6352880658436214 0.3642951251646904 0.033950617283950615 0.13043478260869565
1 0.7489711934156379 0.4565217391304348 0.0411522633744856 0.05401844532279315
1 0.801440329218107 0.4486166007905138 0.04526748971193416 0.05401844532279315
1 0.7268518518518519 0.3274044795783926 0.033950617283950615 0.0461133069828722
1 0.76440329218107 0.3214756258234519 0.03497942386831276 0.05006587615283267
1 0.801954732510288 0.3168642951251647 0.0360082304526749 0.048748353096179184
1 0.8513374485596708 0.30698287220026355 0.03806584362139918 0.052700922266139656
1 0.8899176954732511 0.2977602108036891 0.037037037037037035 0.04743083003952569
1 0.9537037037037037 0.28787878787878785 0.03497942386831276 0.05138339920948617
1 0.7222222222222222 0.27997364953886694 0.03497942386831276 0.05138339920948617
1 0.7618312757201646 0.27140974967061926 0.0360082304526749 0.04743083003952569
1 0.8004115226337448 0.26350461133069825 0.03497942386831276 0.04479578392621871
1 0.8497942386831275 0.25494071146245056 0.037037037037037035 0.0461133069828722
1 0.8873456790123457 0.2516469038208169 0.0360082304526749 0.052700922266139656
1 0.9501028806584362 0.2325428194993412 0.03806584362139918 0.05138339920948617
1 0.7196502057613169 0.2299077733860343 0.0360082304526749 0.048748353096179184
1 0.757201646090535 0.22068511198945984 0.03909465020576132 0.048748353096179184
1 0.7957818930041153 0.21475625823451916 0.0360082304526749 0.04479578392621871
1 0.8477366255144033 0.20750988142292492 0.03497942386831276 0.05138339920948617
1 0.8847736625514403 0.19828722002635046 0.03497942386831276 0.05401844532279315
1 0.9583333333333334 0.1673254281949934 0.040123456790123455 0.05533596837944664
1 0.7309670781893004 0.15546772068511194 0.04835390946502058 0.07114624505928854
1 0.7849794238683128 0.1462450592885376 0.04938271604938271 0.07378129117259552
1 0.8410493827160493 0.13372859025032935 0.050411522633744855 0.06719367588932806
1 0.8919753086419753 0.12648221343873522 0.047325102880658436 0.06587615283267458
1 0.9557613168724279 0.10210803689064563 0.03909465020576132 0.05665349143610013
1 0.7253086419753086 0.08629776021080371 0.04526748971193416 0.06982872200263504
1 0.7782921810699589 0.07378129117259558 0.050411522633744855 0.06587615283267458
1 0.8379629629629629 0.06324110671936756 0.050411522633744855 0.06587615283267458
1 0.8904320987654321 0.05204216073781287 0.050411522633744855 0.06719367588932806
1 0.9531893004115226 0.02898550724637683 0.04218106995884774 0.052700922266139656
