0 0.16291532690246516 0.9017341040462428 0.10289389067524116 0.11271676300578035
0 0.15916398713826366 0.7673410404624277 0.10610932475884244 0.11271676300578035
0 0.15594855305466238 0.6315028901734103 0.09967845659163987 0.11271676300578035
0 0.16345123258306538 0.5 0.08467309753483387 0.08092485549132948
0 0.16237942122186494 0.361271676300578 0.0932475884244373 0.09826589595375723
0 0.1602357984994641 0.2326589595375722 0.10182207931404073 0.12138728323699421
0 0.15862808145766344 0.09682080924855496 0.10503751339764202 0.11849710982658959
0 0.37566988210075025 0.9270231213872833 0.09753483386923902 0.12861271676300579
0 0.36977491961414793 0.7507225433526011 0.09003215434083602 0.10838150289017341
0 0.36763129689174706 0.5606936416184971 0.09217577706323687 0.1069364161849711
0 0.3687031082529475 0.4046242774566474 0.10289389067524116 0.12427745664739884
0 0.3692390139335477 0.24710982658959535 0.10182207931404073 0.12138728323699421
0 0.3745980707395498 0.09609826589595372 0.0932475884244373 0.11705202312138728
0 0.6286173633440515 0.9284682080924855 0.09967845659163987 0.10838150289017341
0 0.627545551982851 0.7644508670520231 0.0932475884244373 0.10982658959537572
0 0.6270096463022508 0.5751445086705202 0.09646302250803858 0.12138728323699421
0 0.5514469453376206 0.3807803468208093 0.09967845659163987 0.12861271676300579
0 0.6264737406216506 0.2341040462427746 0.10182207931404073 0.11271676300578035
0 0.6291532690246516 0.10476878612716767 0.10289389067524116 0.10838150289017341
0 0.8386923901393355 0.7680635838150289 0.0782422293676313 0.08236994219653179
