6 0.9385321100917431 0.2728551336146273 0.029357798165137616 0.05907172995780591
6 0.8899082568807339 0.4177215189873418 0.03486238532110092 0.06751054852320675
6 0.8307339449541284 0.5675105485232068 0.03211009174311927 0.06610407876230662
6 0.2426605504587156 0.7440225035161744 0.043119266055045874 0.05907172995780591
6 0.11513761467889909 0.12587904360056257 0.044954128440366975 0.06891701828410689
6 0.34908256880733946 0.8734177215189873 0.03944954128440367 0.053445850914205346
6 0.7458715596330275 0.79957805907173 0.03486238532110092 0.052039381153305204
6 0.7784403669724771 0.7081575246132208 0.03394495412844037 0.05485232067510549
6 0.8055045871559633 0.639943741209564 0.03302752293577982 0.06188466947960619
6 0.918348623853211 0.33825597749648384 0.03669724770642202 0.06047819971870605
