8 0.07684529828109202 0.7436507936507937 0.05055611729019211 0.24285714285714285
8 0.16228513650151669 0.7619047619047619 0.06774519716885744 0.2253968253968254
8 0.313953488372093 0.7801587301587302 0.1506572295247725 0.21746031746031746
8 0.4373104145601618 0.8309523809523809 0.1890798786653185 0.23333333333333334
8 0.20626895854398383 0.38968253968253963 0.268958543983822 0.1
8 0.12487360970677452 0.20238095238095233 0.06167846309403438 0.14444444444444443
8 0.21941354903943378 0.19047619047619047 0.06875631951466127 0.19047619047619047
8 0.3149646107178969 0.1793650793650794 0.0717896865520728 0.23492063492063492
8 0.391304347826087 0.45952380952380956 0.06066734074823053 0.20793650793650795
8 0.5020222446916077 0.6531746031746032 0.06774519716885744 0.1253968253968254
8 0.5925176946410515 0.6611111111111111 0.07280080889787664 0.15714285714285714
8 0.6799797775530839 0.6404761904761904 0.06774519716885744 0.2015873015873016
8 0.7553083923154702 0.6126984126984127 0.056622851365015166 0.21904761904761905
8 0.8281092012133469 0.5896825396825397 0.05864509605662285 0.22063492063492063
8 0.9049544994944388 0.5261904761904762 0.08695652173913043 0.21428571428571427
8 0.8983822042467139 0.3468253968253968 0.11425682507583418 0.08095238095238096
8 0.9004044489383215 0.21984126984126984 0.1243680485338726 0.09047619047619047
8 0.8761375126390293 0.11904761904761907 0.1789686552072801 0.11428571428571428
