5 0.5292706333973128 0.5490018148820326 0.3618042226487524 0.2776769509981851
2 0.5249520153550864 0.8892921960072595 0.07485604606525911 0.1161524500907441
2 0.6957773512476008 0.9092558983666061 0.09404990403071017 0.13430127041742287
2 0.9337811900191939 0.4292196007259528 0.07485604606525911 0.12885662431941924
2 0.255278310940499 0.6098003629764066 0.061420345489443376 0.10526315789473684
2 0.15834932821497122 0.24773139745916517 0.1017274472168906 0.16878402903811252
3 0.739443378119002 0.6098003629764066 0.05662188099808062 0.050816696914700546
3 0.744721689059501 0.5689655172413793 0.053742802303262956 0.04900181488203267
3 0.7523992322456814 0.5272232304900182 0.05566218809980806 0.05989110707803993
3 0.760556621880998 0.48094373865698725 0.05662188099808062 0.0544464609800363
