6 0.47425093632958804 0.10683760683760679 0.03089887640449438 0.05413105413105413
6 0.48829588014981273 0.1431623931623932 0.03838951310861423 0.06695156695156695
6 0.5163857677902621 0.19943019943019946 0.047752808988764044 0.07407407407407407
6 0.5341760299625468 0.2257834757834758 0.03838951310861423 0.06125356125356125
6 0.7790262172284644 0.5213675213675213 0.03932584269662921 0.07122507122507123
6 0.550561797752809 0.4964387464387464 0.03745318352059925 0.06125356125356125
6 0.475187265917603 0.621082621082621 0.04588014981273408 0.05698005698005698
6 0.49297752808988765 0.655982905982906 0.042134831460674156 0.05555555555555555
6 0.7031835205992509 0.7222222222222222 0.04119850187265917 0.05413105413105413
6 0.7532771535580525 0.7792022792022792 0.040262172284644196 0.04843304843304843
6 0.8066479400749064 0.8404558404558404 0.05149812734082397 0.06267806267806268
6 0.33146067415730335 0.3390313390313391 0.03932584269662921 0.05698005698005698
6 0.4559925093632959 0.5804843304843305 0.03745318352059925 0.04700854700854701
