3 0.13663967611336034 0.33989266547406083 0.06680161943319839 0.19320214669051877
3 0.2074898785425101 0.3568872987477638 0.06680161943319839 0.20930232558139536
3 0.2990890688259109 0.3595706618962433 0.06578947368421052 0.18962432915921287
3 0.37196356275303644 0.3711985688729875 0.06578947368421052 0.18425760286225404
3 0.4625506072874494 0.3828264758497316 0.06477732793522267 0.18246869409660108
3 0.5323886639676113 0.38908765652951705 0.06477732793522267 0.1806797853309481
3 0.6376518218623481 0.4051878354203936 0.0708502024291498 0.1806797853309481
3 0.7049595141700404 0.4159212880143113 0.07388663967611336 0.1806797853309481
3 0.7742914979757085 0.42307692307692313 0.07489878542510121 0.1735241502683363
3 0.840080971659919 0.43202146690518783 0.07692307692307693 0.1771019677996422
