0 0.10346487006737247 0.1011705685618729 0.04523580365736285 0.09866220735785954
0 0.1766121270452358 0.44565217391304346 0.05293551491819057 0.06856187290969899
0 0.363330125120308 0.5434782608695652 0.05293551491819057 0.0802675585284281
0 0.5957651588065448 0.8478260869565217 0.03849855630413859 0.07692307692307693
0 0.6414821944177094 0.8879598662207357 0.03176130895091434 0.06688963210702341
0 0.6953801732435033 0.8787625418060201 0.04716073147256978 0.08193979933110368
0 0.7521655437921078 0.7483277591973244 0.03946102021174206 0.051839464882943144
0 0.7252165543792107 0.6488294314381271 0.0548604427333975 0.07023411371237458
0 0.6939364773820982 0.5392976588628762 0.08084696823869104 0.08193979933110368
0 0.6886429258902791 0.3018394648829431 0.06063522617901829 0.09531772575250837
0 0.7613089509143407 0.18561872909698995 0.061597690086621755 0.0802675585284281
0 0.8618864292589028 0.9364548494983278 0.06641000962463908 0.07357859531772576
