0 0.05455455455455455 0.6523125996810207 0.05905905905905906 0.07974481658692185
0 0.11711711711711711 0.7727272727272727 0.07207207207207207 0.09728867623604466
0 0.16116116116116116 0.8827751196172249 0.08008008008008008 0.10685805422647528
0 0.24024024024024024 0.8851674641148325 0.04804804804804805 0.08931419457735247
0 0.3278278278278278 0.8947368421052632 0.07107107107107107 0.11164274322169059
0 0.4089089089089089 0.905103668261563 0.06106106106106106 0.09728867623604466
0 0.07657657657657657 0.4776714513556619 0.07707707707707707 0.1291866028708134
0 0.15215215215215216 0.4122807017543859 0.07007007007007007 0.13556618819776714
0 0.24824824824824826 0.6060606060606061 0.08408408408408409 0.09888357256778309
0 0.35035035035035034 0.6674641148325359 0.06006006006006006 0.11004784688995216
0 0.43793793793793795 0.6834130781499203 0.06106106106106106 0.10366826156299841
0 0.5195195195195195 0.6762360446570973 0.08008008008008008 0.1371610845295056
0 0.6096096096096096 0.6746411483253589 0.06006006006006006 0.10207336523125997
0 0.6946946946946947 0.6881977671451356 0.07807807807807808 0.1291866028708134
0 0.8868868868868869 0.6499202551834131 0.04804804804804805 0.09409888357256778
0 0.3948948948948949 0.3508771929824561 0.07507507507507508 0.14035087719298245
0 0.492992992992993 0.3548644338118022 0.07707707707707707 0.13875598086124402
0 0.5830830830830831 0.35566188197767146 0.08708708708708708 0.1467304625199362
0 0.4194194194194194 0.10207336523125998 0.08808808808808809 0.15629984051036683
0 0.52002002002002 0.11562998405103664 0.07707707707707707 0.13237639553429026
0 0.6191191191191191 0.10845295055821369 0.07907907907907907 0.15311004784688995
0 0.6801801801801802 0.3524720893141946 0.08308308308308308 0.12440191387559808
0 0.7152152152152152 0.10606060606060608 0.08108108108108109 0.14513556618819776
0 0.8113113113113113 0.11403508771929827 0.08508508508508508 0.15789473684210525
0 0.913913913913914 0.3724082934609251 0.056056056056056056 0.09728867623604466
