9 0.3611550632911392 0.6408308004052685 0.027689873417721517 0.12664640324214793
9 0.48575949367088606 0.5466058763931104 0.03639240506329114 0.07801418439716312
9 0.6348892405063291 0.2634245187436677 0.048259493670886076 0.09321175278622088
9 0.7381329113924051 0.8809523809523809 0.061708860759493674 0.08814589665653495
9 0.7915348101265823 0.585612968591692 0.07041139240506329 0.09929078014184398
1 0.10640822784810126 0.9478216818642351 0.05458860759493671 0.07193515704154002
1 0.16020569620253164 0.936676798378926 0.051424050632911396 0.06990881458966565
1 0.21598101265822786 0.925531914893617 0.05221518987341772 0.06788247213779129
1 0.2701740506329114 0.9148936170212766 0.049841772151898736 0.07092198581560284
1 0.04113924050632911 0.8961499493414387 0.04430379746835443 0.057750759878419454
1 0.03995253164556962 0.8318135764944276 0.043512658227848104 0.060790273556231005
1 0.04509493670886076 0.7664640324214792 0.0379746835443038 0.05167173252279635
1 0.043512658227848104 0.7112462006079028 0.0379746835443038 0.04660587639311044
1 0.11234177215189874 0.7998986828774063 0.0379746835443038 0.05369807497467072
1 0.14992088607594936 0.792806484295846 0.037183544303797465 0.05167173252279635
1 0.10957278481012658 0.7497467071935158 0.037183544303797465 0.0486322188449848
1 0.14794303797468356 0.7426545086119554 0.0379746835443038 0.0486322188449848
1 0.10759493670886076 0.7001013171225937 0.03639240506329114 0.05065856129685917
1 0.1463607594936709 0.6935157041540021 0.0379746835443038 0.04964539007092199
1 0.20094936708860758 0.78419452887538 0.0379746835443038 0.0486322188449848
1 0.2389240506329114 0.7771023302938196 0.03639240506329114 0.0486322188449848
1 0.27689873417721517 0.7700101317122594 0.03955696202531646 0.04660587639311044
1 0.19778481012658228 0.7345491388044579 0.0379746835443038 0.0547112462006079
1 0.23536392405063292 0.7264437689969605 0.038765822784810125 0.05268490374873354
1 0.27412974683544306 0.7203647416413375 0.038765822784810125 0.05268490374873354
1 0.19382911392405064 0.6833839918946302 0.0379746835443038 0.05167173252279635
1 0.23299050632911392 0.6778115501519757 0.037183544303797465 0.05268490374873354
1 0.2701740506329114 0.6702127659574468 0.037183544303797465 0.05369807497467072
1 0.19462025316455697 0.5506585612968592 0.04430379746835443 0.05977710233029382
1 0.24723101265822786 0.5430597771023302 0.041930379746835444 0.05673758865248227
1 0.10522151898734178 0.8728470111448835 0.05063291139240506 0.06788247213779129
1 0.1574367088607595 0.8632218844984803 0.05063291139240506 0.07092198581560284
1 0.21242088607594936 0.8551165146909827 0.051424050632911396 0.0668693009118541
1 0.26542721518987344 0.8439716312056738 0.049841772151898736 0.06889564336372847
1 0.04311708860759494 0.9701114488348531 0.048259493670886076 0.04154002026342452
