9 0.09264565425023878 0.8589315525876461 0.04393505253104107 0.06176961602671119
9 0.15472779369627507 0.4924874791318865 0.045845272206303724 0.18030050083472454
9 0.2511938872970392 0.7687813021702838 0.034383954154727794 0.07846410684474124
9 0.3844317096466094 0.9223706176961602 0.03724928366762178 0.07846410684474124
9 0.4063992359121299 0.7520868113522537 0.03151862464183381 0.05509181969949917
9 0.6442215854823304 0.9115191986644408 0.02387774594078319 0.07345575959933222
9 0.5673352435530086 0.6202003338898163 0.04011461318051576 0.12186978297161936
9 0.6370582617000955 0.7220367278797997 0.03247373447946514 0.10517529215358931
9 0.669054441260745 0.23706176961602676 0.08882521489971347 0.11352253756260434
9 0.7655205348615091 0.9348914858096828 0.021967526265520534 0.07011686143572621
9 0.8419293218720153 0.662771285475793 0.03151862464183381 0.11018363939899833
9 0.7999044890162369 0.24373956594323876 0.054441260744985676 0.17362270450751252
9 0.3973256924546323 0.09515859766277124 0.04393505253104107 0.15358931552587646
