0 0.08780487804878048 0.8347750865051903 0.0702439024390244 0.11245674740484429
0 0.0873170731707317 0.5493079584775087 0.06926829268292684 0.11245674740484429
0 0.08439024390243903 0.25432525951557095 0.06926829268292684 0.11072664359861592
0 0.09024390243902439 0.10207612456747406 0.08292682926829269 0.11418685121107267
0 0.3180487804878049 0.689446366782007 0.08 0.0847750865051903
0 0.3151219512195122 0.36591695501730104 0.0624390243902439 0.07093425605536333
0 0.31121951219512195 0.2430795847750865 0.07804878048780488 0.0847750865051903
0 0.33170731707317075 0.08910034602076122 0.05853658536585366 0.07785467128027682
0 0.4053658536585366 0.5242214532871972 0.055609756097560976 0.14186851211072665
0 0.4926829268292683 0.7785467128027681 0.05268292682926829 0.13494809688581316
0 0.5819512195121951 0.4506920415224913 0.08487804878048781 0.08131487889273356
0 0.5912195121951219 0.3365051903114187 0.06439024390243903 0.07785467128027682
0 0.6048780487804878 0.22491349480968859 0.06048780487804878 0.07612456747404844
0 0.8297560975609756 0.6427335640138409 0.06536585365853659 0.11591695501730104
0 0.824390243902439 0.4325259515570934 0.054634146341463415 0.06920415224913495
0 0.817560975609756 0.3192041522491349 0.06048780487804878 0.06747404844290658
0 0.8424390243902439 0.08737024221453282 0.05170731707317073 0.0847750865051903
0 0.9209756097560976 0.09169550173010377 0.04682926829268293 0.10034602076124567
