3 0.35556780595369347 0.8169014084507042 0.07166482910694598 0.0528169014084507
3 0.35556780595369347 0.7579225352112676 0.07166482910694598 0.04753521126760563
3 0.35446527012127893 0.6980633802816901 0.06945975744211687 0.051056338028169015
3 0.4492833517089305 0.8195422535211268 0.06945975744211687 0.051056338028169015
3 0.5407938257993384 0.8265845070422535 0.07166482910694598 0.04753521126760563
4 0.3368246968026461 0.6109154929577465 0.07386990077177508 0.05985915492957746
4 0.33737596471885334 0.5519366197183099 0.06835722160970231 0.058098591549295774
4 0.33572216097023155 0.488556338028169 0.07166482910694598 0.058098591549295774
4 0.3368246968026461 0.426056338028169 0.07166482910694598 0.06338028169014084
5 0.17916207276736493 0.590669014084507 0.19294377067254687 0.4982394366197183
