1 0.18586179507545672 0.8798780487804878 0.05242255758538523 0.07682926829268293
1 0.18586179507545672 0.7945121951219513 0.05242255758538523 0.08170731707317073
1 0.18586179507545672 0.6682926829268292 0.05242255758538523 0.07560975609756097
1 0.18586179507545672 0.5810975609756097 0.05242255758538523 0.08414634146341464
1 0.2335186656076251 0.8841463414634146 0.050833995234312944 0.08048780487804878
1 0.2335186656076251 0.7945121951219513 0.050833995234312944 0.07926829268292683
1 0.2335186656076251 0.6682926829268292 0.050833995234312944 0.07560975609756097
1 0.2335186656076251 0.5810975609756097 0.050833995234312944 0.08414634146341464
1 0.18705321683876092 0.4085365853658537 0.04686258935663225 0.08292682926829269
1 0.18705321683876092 0.30243902439024395 0.04686258935663225 0.08536585365853659
1 0.18705321683876092 0.17317073170731712 0.04686258935663225 0.08048780487804878
1 0.18705321683876092 0.08292682926829265 0.04686258935663225 0.07073170731707316
1 0.2374900714853058 0.4085365853658537 0.050833995234312944 0.08292682926829269
1 0.2374900714853058 0.30243902439024395 0.050833995234312944 0.08536585365853659
1 0.2374900714853058 0.17317073170731712 0.050833995234312944 0.08048780487804878
1 0.2374900714853058 0.08292682926829265 0.050833995234312944 0.07073170731707316
1 0.2887212073073868 0.4085365853658537 0.051628276409849086 0.08292682926829269
1 0.2887212073073868 0.30243902439024395 0.051628276409849086 0.08536585365853659
1 0.2887212073073868 0.17317073170731712 0.051628276409849086 0.08048780487804878
1 0.2887212073073868 0.08292682926829265 0.051628276409849086 0.07073170731707316
1 0.3399523431294678 0.4085365853658537 0.050833995234312944 0.08292682926829269
1 0.3399523431294678 0.30243902439024395 0.050833995234312944 0.08536585365853659
1 0.3399523431294678 0.17317073170731712 0.050833995234312944 0.08048780487804878
1 0.3399523431294678 0.08292682926829265 0.050833995234312944 0.07073170731707316
1 0.4495631453534551 0.8 0.054011119936457505 0.07560975609756097
1 0.4495631453534551 0.7121951219512195 0.054011119936457505 0.07560975609756097
1 0.5559968228752978 0.8835365853658537 0.050833995234312944 0.07682926829268293
1 0.5559968228752978 0.7951219512195122 0.050833995234312944 0.07317073170731707
1 0.5559968228752978 0.7280487804878049 0.050833995234312944 0.07560975609756097
1 0.5559968228752978 0.6554878048780488 0.050833995234312944 0.07926829268292683
1 0.5559968228752978 0.5859756097560975 0.050833995234312944 0.07195121951219512
1 0.6072279586973789 0.8835365853658537 0.056393963463065924 0.07682926829268293
1 0.6072279586973789 0.7951219512195122 0.056393963463065924 0.07317073170731707
1 0.6072279586973789 0.7280487804878049 0.056393963463065924 0.07560975609756097
1 0.6072279586973789 0.6554878048780488 0.056393963463065924 0.07926829268292683
1 0.6072279586973789 0.5859756097560975 0.056393963463065924 0.07195121951219512
1 0.4495631453534551 0.4103658536585366 0.050833995234312944 0.07439024390243902
1 0.4495631453534551 0.3042682926829269 0.050833995234312944 0.07926829268292683
1 0.4495631453534551 0.17256097560975614 0.050833995234312944 0.08170731707317073
1 0.5007942811755361 0.4103658536585366 0.048451151707704525 0.07439024390243902
1 0.5007942811755361 0.3042682926829269 0.048451151707704525 0.07926829268292683
1 0.5007942811755361 0.17256097560975614 0.048451151707704525 0.08170731707317073
1 0.5528196981731534 0.4103658536585366 0.050833995234312944 0.07439024390243902
1 0.5528196981731534 0.3042682926829269 0.050833995234312944 0.07926829268292683
1 0.5528196981731534 0.17256097560975614 0.050833995234312944 0.08170731707317073
1 0.6052422557585385 0.4103658536585366 0.050833995234312944 0.07439024390243902
1 0.6052422557585385 0.3042682926829269 0.050833995234312944 0.07926829268292683
1 0.6052422557585385 0.17256097560975614 0.050833995234312944 0.08170731707317073
1 0.8848292295472597 0.7298780487804878 0.04765687053216839 0.07926829268292683
1 0.9348689436060366 0.7298780487804878 0.04924543288324067 0.07926829268292683
1 0.8665607625099285 0.40731707317073174 0.04924543288324067 0.07804878048780488
1 0.9213661636219221 0.40731707317073174 0.04924543288324067 0.07804878048780488
1 0.8641779189833201 0.3091463414634147 0.04765687053216839 0.07439024390243902
1 0.9213661636219221 0.3091463414634147 0.04924543288324067 0.07439024390243902
1 0.8594122319301033 0.18170731707317078 0.050833995234312944 0.07804878048780488
1 0.9229547259729944 0.18170731707317078 0.054011119936457505 0.07804878048780488
