8 0.046635182998819365 0.6062717770034843 0.043683589138134596 0.14634146341463414
8 0.10920897284533648 0.5975609756097561 0.05076741440377804 0.1672473867595819
8 0.16883116883116883 0.5993031358885017 0.05194805194805195 0.1672473867595819
8 0.23553719008264462 0.6062717770034843 0.048406139315230225 0.1602787456445993
8 0.3040141676505313 0.6106271777003485 0.05076741440377804 0.15853658536585366
8 0.3789846517119244 0.6193379790940767 0.06139315230224321 0.16202090592334495
8 0.4527744982290437 0.6245644599303135 0.06257378984651712 0.17247386759581881
8 0.5324675324675324 0.6297909407665505 0.06611570247933884 0.15853658536585366
8 0.6399055489964581 0.6341463414634146 0.07319952774498228 0.1672473867595819
8 0.7361275088547816 0.6402439024390244 0.09090909090909091 0.18292682926829268
8 0.8612750885478159 0.6393728222996515 0.08382526564344746 0.15331010452961671
8 0.9563164108618654 0.647212543554007 0.07792207792207792 0.15853658536585366
