3 0.9479381443298969 0.23875968992248064 0.050515463917525774 0.11782945736434108
3 0.8458762886597938 0.43178294573643405 0.042268041237113405 0.10077519379844961
3 0.9484536082474226 0.41937984496124026 0.04742268041237113 0.10387596899224806
3 0.804639175257732 0.5930232558139534 0.03814432989690722 0.08837209302325581
3 0.8855670103092783 0.5868217054263566 0.041237113402061855 0.09147286821705426
3 0.722680412371134 0.7395348837209302 0.03917525773195876 0.09302325581395349
3 0.76340206185567 0.7325581395348837 0.03814432989690722 0.08527131782945736
3 0.8030927835051547 0.7310077519379845 0.03711340206185567 0.08527131782945736
3 0.8556701030927835 0.7248062015503876 0.041237113402061855 0.08527131782945736
3 0.8953608247422681 0.7232558139534884 0.042268041237113405 0.08837209302325581
