0 0.1 0.11984126984126986 0.09803921568627451 0.1253968253968254
0 0.26715686274509803 0.3293650793650794 0.07745098039215687 0.09365079365079365
0 0.2897058823529412 0.2055555555555556 0.07352941176470588 0.09047619047619047
0 0.3137254901960784 0.07301587301587298 0.09411764705882353 0.12063492063492064
0 0.2122549019607843 0.765079365079365 0.08137254901960785 0.12380952380952381
0 0.4931372549019608 0.919047619047619 0.0784313725490196 0.13333333333333333
0 0.5583333333333333 0.7452380952380953 0.09509803921568627 0.11587301587301588
0 0.48333333333333334 0.5714285714285714 0.08235294117647059 0.13015873015873017
0 0.7985294117647059 0.3833333333333333 0.08137254901960785 0.11587301587301588
0 0.9137254901960784 0.4825396825396825 0.0803921568627451 0.13968253968253969
1 0.4068627450980392 0.3563492063492063 0.054901960784313725 0.0746031746031746
1 0.42254901960784313 0.27380952380952384 0.054901960784313725 0.06507936507936508
1 0.44019607843137254 0.19365079365079363 0.050980392156862744 0.06031746031746032
1 0.48823529411764705 0.39841269841269844 0.06274509803921569 0.0761904761904762
1 0.5122549019607843 0.29841269841269846 0.06372549019607843 0.07936507936507936
1 0.5446078431372549 0.446031746031746 0.06372549019607843 0.07936507936507936
1 0.5696078431372549 0.3484126984126984 0.06470588235294118 0.08412698412698413
1 0.6313725490196078 0.5055555555555555 0.056862745098039215 0.06507936507936508
1 0.6504901960784314 0.42380952380952386 0.05784313725490196 0.06349206349206349
1 0.6691176470588235 0.346031746031746 0.05588235294117647 0.07301587301587302
