1 0.7794552989934873 0.7334307992202729 0.055062166962699825 0.08284600389863547
1 0.827708703374778 0.7383040935672515 0.06039076376554174 0.0847953216374269
1 0.8706335109532267 0.7690058479532164 0.056246299585553584 0.08187134502923976
1 0.7608052101835405 0.6500974658869396 0.06039076376554174 0.09551656920077972
1 0.8114268798105387 0.6476608187134503 0.0586145648312611 0.09064327485380116
1 0.8664890467732386 0.6500974658869396 0.0586145648312611 0.08382066276803118
1 0.7341622261693309 0.5545808966861598 0.04262877442273535 0.07602339181286549
1 0.7332741267021906 0.4941520467836257 0.04440497335701599 0.07017543859649122
1 0.7720544701006513 0.5536062378167641 0.044997039668442866 0.0682261208576998
1 0.7723505032563647 0.49171539961013644 0.04440497335701599 0.06725146198830409
1 0.8191237418590882 0.5194931773879142 0.06098283007696862 0.0935672514619883
1 0.7323860272350503 0.4244639376218323 0.04262877442273535 0.06725146198830409
1 0.7335701598579041 0.36111111111111116 0.04262877442273535 0.07309941520467836
1 0.7708703374777975 0.4230019493177388 0.04262877442273535 0.06432748538011696
1 0.7717584369449378 0.3601364522417154 0.04440497335701599 0.07309941520467836
1 0.8081705150976909 0.42105263157894735 0.04262877442273535 0.07017543859649122
1 0.8093546477205447 0.3620857699805068 0.044997039668442866 0.07115009746588694
1 0.844582593250444 0.419103313840156 0.04085257548845471 0.06237816764132553
1 0.8442865600947306 0.3679337231968811 0.03907637655417407 0.057504873294346975
1 0.7320899940793368 0.2884990253411306 0.045589105979869746 0.07602339181286549
1 0.7687981053878035 0.2914230019493177 0.04440497335701599 0.07602339181286549
1 0.8066903493191238 0.29044834307992207 0.04203670811130847 0.0682261208576998
1 0.844582593250444 0.29044834307992207 0.04440497335701599 0.07407407407407407
1 0.7744227353463587 0.2041910331384016 0.056838365896980464 0.09259259259259259
1 0.835109532267614 0.19980506822612087 0.06098283007696862 0.09161793372319688
9 0.14416814683244522 0.7884990253411306 0.03256364712847839 0.11695906432748537
9 0.12936648904677323 0.4078947368421053 0.06571936056838366 0.09649122807017543
9 0.29869745411486087 0.42543859649122806 0.04914150384843102 0.1023391812865497
9 0.4467140319715808 0.8971734892787524 0.04085257548845471 0.10038986354775828
9 0.5882178804026051 0.902046783625731 0.04322084073416223 0.07894736842105263
