0 0.10875842155919153 0.8243451463790447 0.07507218479307026 0.1633281972265023
0 0.10875842155919153 0.5523882896764253 0.08277189605389798 0.13097072419106318
0 0.12319538017324351 0.24653312788906012 0.1039461020211742 0.14791987673343607
0 0.28537054860442734 0.847457627118644 0.07795957651588066 0.14175654853620956
0 0.363330125120308 0.6633281972265024 0.0875842155919153 0.13405238828967642
0 0.36092396535129934 0.5269645608628659 0.1039461020211742 0.13559322033898305
0 0.3652550529355149 0.3882896764252697 0.08180943214629452 0.1325115562403698
0 0.3787295476419634 0.11093990755007699 0.08373435996150144 0.1325115562403698
0 0.6424446583253128 0.7966101694915254 0.07988450433108758 0.1140215716486903
0 0.6400384985563041 0.6710323574730355 0.07892204042348412 0.13713405238828968
0 0.6631376323387873 0.4121725731895224 0.1039461020211742 0.15562403697996918
0 0.7820019249278152 0.884437596302003 0.0741097208854668 0.1448382126348228
0 0.8676612127045236 0.576271186440678 0.10490856592877768 0.14175654853620956
0 0.87776708373436 0.31124807395993837 0.1039461020211742 0.1325115562403698
