8 0.4096806387225549 0.8894389438943895 0.17465069860279442 0.15181518151815182
8 0.4156686626746507 0.8184818481848185 0.17065868263473055 0.1254125412541254
8 0.5898203592814372 0.891914191419142 0.1317365269461078 0.12706270627062707
8 0.4496007984031936 0.7062706270627063 0.18862275449101795 0.15841584158415842
8 0.8617764471057884 0.9034653465346535 0.156686626746507 0.11056105610561057
8 0.8572854291417166 0.7615511551155115 0.17564870259481039 0.12376237623762376
8 0.8388223552894212 0.6122112211221122 0.17465069860279442 0.12871287128712872
8 0.8243512974051896 0.46452145214521456 0.11776447105788423 0.11716171617161716
9 0.6017964071856288 0.6287128712871287 0.04590818363273453 0.1485148514851485
3 0.10978043912175649 0.3061056105610561 0.04590818363273453 0.08745874587458746
3 0.14520958083832336 0.32343234323432346 0.04491017964071856 0.07920792079207921
3 0.1217564870259481 0.18811881188118806 0.0499001996007984 0.09570957095709572
3 0.15568862275449102 0.2095709570957096 0.04590818363273453 0.09900990099009901
3 0.19610778443113772 0.22937293729372932 0.04491017964071856 0.09570957095709572
3 0.22904191616766467 0.2458745874587459 0.04491017964071856 0.0924092409240924
